       0       1       2
       0       2       3
       0       3       4
       0       4       5
       0       5       6
       0       6       1
       1       7       8
       1       8       9
       1       9       2
       2       9      10
       2      10      11
       2      11       3
       3      11      12
       3      12      13
       3      13       4
       4      13      14
       4      14      15
       4      15       5
       5      15      16
       5      16      17
       5      17       6
       6      17      18
       6      18      19
       6      19       1
       1      19       7
       7      20      21
       7      21       8
       8      21      22
       8      22       9
       9      22      23
       9      23      24
       9      24      10
      10      24      25
      10      25      11
      11      25      26
      11      26      27
      11      27      12
      12      27      28
      12      28      13
      13      28      29
      13      29      30
      13      30      14
      14      30      31
      14      31      15
      15      31      32
      15      32      33
      15      33      16
      16      33      34
      16      34      17
      17      34      35
      17      35      36
      17      36      18
      18      36      37
      18      37      19
      19      37      38
      19      38       7
       7      38      20
      20      39      40
      20      40      21
      21      40      41
      21      41      22
      22      41      42
      22      42      23
      23      42      43
      23      43      44
      23      44      24
      24      44      45
      24      45      25
      25      45      46
      25      46      26
      26      46      47
      26      47      48
      26      48      27
      27      48      49
      27      49      28
      28      49      50
      28      50      29
      29      50      51
      29      51      52
      29      52      30
      30      52      53
      30      53      31
      31      53      54
      31      54      32
      32      54      55
      32      55      56
      32      56      33
      33      56      57
      33      57      34
      34      57      58
      34      58      35
      35      58      59
      35      59      60
      35      60      36
      36      60      61
      36      61      37
      37      61      62
      37      62      38
      38      62      63
      38      63      20
      20      63      39
      39      64      65
      39      65      40
      40      65      66
      40      66      41
      41      66      67
      41      67      42
      42      67      68
      42      68      43
      43      68      69
      43      69      44
      44      69      70
      44      70      71
      44      71      45
      45      71      72
      45      72      46
      46      72      73
      46      73      47
      47      73      74
      47      74      48
      48      74      75
      48      75      49
      49      75      76
      49      76      77
      49      77      50
      50      77      78
      50      78      51
      51      78      79
      51      79      52
      52      79      80
      52      80      53
      53      80      81
      53      81      82
      53      82      54
      54      82      83
      54      83      55
      55      83      84
      55      84      56
      56      84      85
      56      85      57
      57      85      86
      57      86      58
      58      86      87
      58      87      59
      59      87      88
      59      88      89
      59      89      60
      60      89      90
      60      90      61
      61      90      91
      61      91      62
      62      91      92
      62      92      63
      63      92      93
      63      93      64
      63      64      39
      64      94      95
      64      95      65
      65      95      96
      65      96      66
      66      96      97
      66      97      67
      67      97      98
      67      98      68
      68      98      99
      68      99      69
      69      99     100
      69     100     101
      69     101      70
      70     101     102
      70     102      71
      71     102     103
      71     103      72
      72     103     104
      72     104      73
      73     104     105
      73     105      74
      74     105     106
      74     106     107
      74     107      75
      75     107     108
      75     108      76
      76     108     109
      76     109      77
      77     109     110
      77     110      78
      78     110     111
      78     111      79
      79     111     112
      79     112     113
      79     113      80
      80     113     114
      80     114      81
      81     114     115
      81     115      82
      82     115     116
      82     116      83
      83     116     117
      83     117      84
      84     117     118
      84     118     119
      84     119      85
      85     119     120
      85     120      86
      86     120     121
      86     121      87
      87     121     122
      87     122      88
      88     122     123
      88     123      89
      89     123     124
      89     124     125
      89     125      90
      90     125     126
      90     126      91
      91     126     127
      91     127      92
      92     127     128
      92     128      93
      93     128     129
      93     129      64
      64     129      94
      94     130     131
      94     131      95
      95     131     132
      95     132      96
      96     132     133
      96     133      97
      97     133     134
      97     134      98
      98     134     135
      98     135      99
      99     135     136
      99     136     100
     100     136     137
     100     137     101
     101     137     138
     101     138     139
     101     139     102
     102     139     140
     102     140     103
     103     140     141
     103     141     104
     104     141     142
     104     142     105
     105     142     143
     105     143     106
     106     143     144
     106     144     107
     107     144     145
     107     145     108
     108     145     146
     108     146     147
     108     147     109
     109     147     148
     109     148     110
     110     148     149
     110     149     111
     111     149     150
     111     150     112
     112     150     151
     112     151     113
     113     151     152
     113     152     114
     114     152     153
     114     153     115
     115     153     154
     115     154     155
     115     155     116
     116     155     156
     116     156     117
     117     156     157
     117     157     118
     118     157     158
     118     158     119
     119     158     159
     119     159     120
     120     159     160
     120     160     121
     121     160     161
     121     161     122
     122     161     162
     122     162     163
     122     163     123
     123     163     164
     123     164     124
     124     164     165
     124     165     125
     125     165     166
     125     166     126
     126     166     167
     126     167     127
     127     167     168
     127     168     128
     128     168     169
     128     169     129
     129     169     170
     129     170      94
      94     170     130
     130     171     172
     130     172     131
     131     172     173
     131     173     132
     132     173     174
     132     174     133
     133     174     175
     133     175     134
     134     175     176
     134     176     135
     135     176     177
     135     177     136
     136     177     178
     136     178     137
     137     178     179
     137     179     138
     138     179     180
     138     180     181
     138     181     139
     139     181     182
     139     182     140
     140     182     183
     140     183     141
     141     183     184
     141     184     142
     142     184     185
     142     185     143
     143     185     186
     143     186     144
     144     186     187
     144     187     145
     145     187     188
     145     188     146
     146     188     189
     146     189     190
     146     190     147
     147     190     191
     147     191     148
     148     191     192
     148     192     149
     149     192     193
     149     193     150
     150     193     194
     150     194     151
     151     194     195
     151     195     152
     152     195     196
     152     196     153
     153     196     197
     153     197     154
     154     197     198
     154     198     199
     154     199     155
     155     199     200
     155     200     156
     156     200     201
     156     201     157
     157     201     202
     157     202     158
     158     202     203
     158     203     159
     159     203     204
     159     204     160
     160     204     205
     160     205     161
     161     205     206
     161     206     162
     162     206     207
     162     207     208
     162     208     163
     163     208     209
     163     209     164
     164     209     210
     164     210     165
     165     210     211
     165     211     166
     166     211     212
     166     212     167
     167     212     213
     167     213     168
     168     213     214
     168     214     169
     169     214     215
     169     215     170
     170     215     216
     170     216     171
     170     171     130
     171     217     218
     171     218     172
     172     218     219
     172     219     173
     173     219     220
     173     220     174
     174     220     221
     174     221     175
     175     221     222
     175     222     176
     176     222     223
     176     223     177
     177     223     224
     177     224     178
     178     224     225
     178     225     179
     179     225     226
     179     226     180
     180     226     227
     180     227     228
     180     228     181
     181     228     229
     181     229     182
     182     229     230
     182     230     183
     183     230     231
     183     231     184
     184     231     232
     184     232     185
     185     232     233
     185     233     186
     186     233     234
     186     234     187
     187     234     235
     187     235     188
     188     235     236
     188     236     189
     189     236     237
     189     237     238
     189     238     190
     190     238     239
     190     239     191
     191     239     240
     191     240     192
     192     240     241
     192     241     193
     193     241     242
     193     242     194
     194     242     243
     194     243     195
     195     243     244
     195     244     196
     196     244     245
     196     245     197
     197     245     246
     197     246     198
     198     246     247
     198     247     248
     198     248     199
     199     248     249
     199     249     200
     200     249     250
     200     250     201
     201     250     251
     201     251     202
     202     251     252
     202     252     203
     203     252     253
     203     253     204
     204     253     254
     204     254     205
     205     254     255
     205     255     206
     206     255     256
     206     256     207
     207     256     257
     207     257     258
     207     258     208
     208     258     259
     208     259     209
     209     259     260
     209     260     210
     210     260     261
     210     261     211
     211     261     262
     211     262     212
     212     262     263
     212     263     213
     213     263     264
     213     264     214
     214     264     265
     214     265     215
     215     265     266
     215     266     216
     216     266     267
     216     267     171
     171     267     217
     217     268     269
     217     269     218
     218     269     270
     218     270     219
     219     270     271
     219     271     220
     220     271     272
     220     272     221
     221     272     273
     221     273     222
     222     273     274
     222     274     223
     223     274     275
     223     275     224
     224     275     276
     224     276     225
     225     276     277
     225     277     226
     226     277     278
     226     278     227
     227     278     279
     227     279     228
     228     279     280
     228     280     229
     229     280     281
     229     281     282
     229     282     230
     230     282     283
     230     283     231
     231     283     284
     231     284     232
     232     284     285
     232     285     233
     233     285     286
     233     286     234
     234     286     287
     234     287     235
     235     287     288
     235     288     236
     236     288     289
     236     289     237
     237     289     290
     237     290     238
     238     290     291
     238     291     239
     239     291     292
     239     292     240
     240     292     293
     240     293     241
     241     293     294
     241     294     242
     242     294     295
     242     295     296
     242     296     243
     243     296     297
     243     297     244
     244     297     298
     244     298     245
     245     298     299
     245     299     246
     246     299     300
     246     300     247
     247     300     301
     247     301     248
     248     301     302
     248     302     249
     249     302     303
     249     303     250
     250     303     304
     250     304     251
     251     304     305
     251     305     252
     252     305     306
     252     306     253
     253     306     307
     253     307     254
     254     307     308
     254     308     255
     255     308     309
     255     309     310
     255     310     256
     256     310     311
     256     311     257
     257     311     312
     257     312     258
     258     312     313
     258     313     259
     259     313     314
     259     314     260
     260     314     315
     260     315     261
     261     315     316
     261     316     262
     262     316     317
     262     317     263
     263     317     318
     263     318     264
     264     318     319
     264     319     265
     265     319     320
     265     320     266
     266     320     321
     266     321     267
     267     321     322
     267     322     217
     217     322     268
     268     323     324
     268     324     269
     269     324     325
     269     325     270
     270     325     326
     270     326     271
     271     326     327
     271     327     272
     272     327     328
     272     328     273
     273     328     329
     273     329     274
     274     329     330
     274     330     275
     275     330     331
     275     331     276
     276     331     332
     276     332     277
     277     332     333
     277     333     278
     278     333     334
     278     334     279
     279     334     335
     279     335     280
     280     335     336
     280     336     281
     281     336     337
     281     337     338
     281     338     282
     282     338     339
     282     339     283
     283     339     340
     283     340     284
     284     340     341
     284     341     285
     285     341     342
     285     342     286
     286     342     343
     286     343     287
     287     343     344
     287     344     288
     288     344     345
     288     345     289
     289     345     346
     289     346     290
     290     346     347
     290     347     291
     291     347     348
     291     348     292
     292     348     349
     292     349     293
     293     349     350
     293     350     294
     294     350     351
     294     351     295
     295     351     352
     295     352     353
     295     353     296
     296     353     354
     296     354     297
     297     354     355
     297     355     298
     298     355     356
     298     356     299
     299     356     357
     299     357     300
     300     357     358
     300     358     301
     301     358     359
     301     359     302
     302     359     360
     302     360     303
     303     360     361
     303     361     304
     304     361     362
     304     362     305
     305     362     363
     305     363     306
     306     363     364
     306     364     307
     307     364     365
     307     365     308
     308     365     366
     308     366     309
     309     366     367
     309     367     368
     309     368     310
     310     368     369
     310     369     311
     311     369     370
     311     370     312
     312     370     371
     312     371     313
     313     371     372
     313     372     314
     314     372     373
     314     373     315
     315     373     374
     315     374     316
     316     374     375
     316     375     317
     317     375     376
     317     376     318
     318     376     377
     318     377     319
     319     377     378
     319     378     320
     320     378     379
     320     379     321
     321     379     380
     321     380     322
     322     380     381
     322     381     268
     268     381     323
     323     382     383
     323     383     324
     324     383     384
     324     384     325
     325     384     385
     325     385     326
     326     385     386
     326     386     327
     327     386     387
     327     387     328
     328     387     388
     328     388     329
     329     388     389
     329     389     330
     330     389     390
     330     390     331
     331     390     391
     331     391     332
     332     391     392
     332     392     333
     333     392     393
     333     393     334
     334     393     394
     334     394     335
     335     394     395
     335     395     336
     336     395     396
     336     396     337
     337     396     397
     337     397     338
     338     397     398
     338     398     339
     339     398     399
     339     399     340
     340     399     400
     340     400     341
     341     400     401
     341     401     342
     342     401     402
     342     402     403
     342     403     343
     343     403     404
     343     404     344
     344     404     405
     344     405     345
     345     405     406
     345     406     346
     346     406     407
     346     407     347
     347     407     408
     347     408     348
     348     408     409
     348     409     349
     349     409     410
     349     410     350
     350     410     411
     350     411     351
     351     411     412
     351     412     352
     352     412     413
     352     413     353
     353     413     414
     353     414     354
     354     414     415
     354     415     355
     355     415     416
     355     416     356
     356     416     417
     356     417     357
     357     417     418
     357     418     358
     358     418     419
     358     419     359
     359     419     420
     359     420     360
     360     420     421
     360     421     361
     361     421     422
     361     422     362
     362     422     423
     362     423     424
     362     424     363
     363     424     425
     363     425     364
     364     425     426
     364     426     365
     365     426     427
     365     427     366
     366     427     428
     366     428     367
     367     428     429
     367     429     368
     368     429     430
     368     430     369
     369     430     431
     369     431     370
     370     431     432
     370     432     371
     371     432     433
     371     433     372
     372     433     434
     372     434     373
     373     434     435
     373     435     374
     374     435     436
     374     436     375
     375     436     437
     375     437     376
     376     437     438
     376     438     377
     377     438     439
     377     439     378
     378     439     440
     378     440     379
     379     440     441
     379     441     380
     380     441     442
     380     442     381
     381     442     443
     381     443     323
     323     443     382
     382     444     445
     382     445     383
     383     445     446
     383     446     384
     384     446     447
     384     447     385
     385     447     448
     385     448     386
     386     448     449
     386     449     387
     387     449     450
     387     450     388
     388     450     451
     388     451     389
     389     451     452
     389     452     390
     390     452     453
     390     453     391
     391     453     454
     391     454     392
     392     454     455
     392     455     393
     393     455     456
     393     456     394
     394     456     457
     394     457     395
     395     457     458
     395     458     396
     396     458     459
     396     459     397
     397     459     460
     397     460     398
     398     460     461
     398     461     399
     399     461     462
     399     462     400
     400     462     463
     400     463     401
     401     463     464
     401     464     402
     402     464     465
     402     465     466
     402     466     403
     403     466     467
     403     467     404
     404     467     468
     404     468     405
     405     468     469
     405     469     406
     406     469     470
     406     470     407
     407     470     471
     407     471     408
     408     471     472
     408     472     409
     409     472     473
     409     473     410
     410     473     474
     410     474     411
     411     474     475
     411     475     412
     412     475     476
     412     476     413
     413     476     477
     413     477     414
     414     477     478
     414     478     415
     415     478     479
     415     479     416
     416     479     480
     416     480     417
     417     480     481
     417     481     418
     418     481     482
     418     482     419
     419     482     483
     419     483     420
     420     483     484
     420     484     421
     421     484     485
     421     485     422
     422     485     486
     422     486     423
     423     486     487
     423     487     488
     423     488     424
     424     488     489
     424     489     425
     425     489     490
     425     490     426
     426     490     491
     426     491     427
     427     491     492
     427     492     428
     428     492     493
     428     493     429
     429     493     494
     429     494     430
     430     494     495
     430     495     431
     431     495     496
     431     496     432
     432     496     497
     432     497     433
     433     497     498
     433     498     434
     434     498     499
     434     499     435
     435     499     500
     435     500     436
     436     500     501
     436     501     437
     437     501     502
     437     502     438
     438     502     503
     438     503     439
     439     503     504
     439     504     440
     440     504     505
     440     505     441
     441     505     506
     441     506     442
     442     506     507
     442     507     443
     443     507     508
     443     508     382
     382     508     444
     444     509     510
     444     510     445
     445     510     511
     445     511     446
     446     511     512
     446     512     447
     447     512     513
     447     513     448
     448     513     514
     448     514     449
     449     514     515
     449     515     450
     450     515     516
     450     516     451
     451     516     517
     451     517     452
     452     517     518
     452     518     453
     453     518     519
     453     519     454
     454     519     520
     454     520     455
     455     520     521
     455     521     456
     456     521     522
     456     522     457
     457     522     523
     457     523     458
     458     523     524
     458     524     459
     459     524     525
     459     525     460
     460     525     526
     460     526     461
     461     526     527
     461     527     462
     462     527     528
     462     528     463
     463     528     529
     463     529     464
     464     529     530
     464     530     465
     465     530     531
     465     531     532
     465     532     466
     466     532     533
     466     533     467
     467     533     534
     467     534     468
     468     534     535
     468     535     469
     469     535     536
     469     536     470
     470     536     537
     470     537     471
     471     537     538
     471     538     472
     472     538     539
     472     539     473
     473     539     540
     473     540     474
     474     540     541
     474     541     475
     475     541     542
     475     542     476
     476     542     543
     476     543     477
     477     543     544
     477     544     478
     478     544     545
     478     545     479
     479     545     546
     479     546     480
     480     546     547
     480     547     481
     481     547     548
     481     548     482
     482     548     549
     482     549     483
     483     549     550
     483     550     484
     484     550     551
     484     551     485
     485     551     552
     485     552     486
     486     552     553
     486     553     487
     487     553     554
     487     554     555
     487     555     488
     488     555     556
     488     556     489
     489     556     557
     489     557     490
     490     557     558
     490     558     491
     491     558     559
     491     559     492
     492     559     560
     492     560     493
     493     560     561
     493     561     494
     494     561     562
     494     562     495
     495     562     563
     495     563     496
     496     563     564
     496     564     497
     497     564     565
     497     565     498
     498     565     566
     498     566     499
     499     566     567
     499     567     500
     500     567     568
     500     568     501
     501     568     569
     501     569     502
     502     569     570
     502     570     503
     503     570     571
     503     571     504
     504     571     572
     504     572     505
     505     572     573
     505     573     506
     506     573     574
     506     574     507
     507     574     575
     507     575     508
     508     575     576
     508     576     444
     444     576     509
     509     577     578
     509     578     510
     510     578     579
     510     579     511
     511     579     580
     511     580     512
     512     580     581
     512     581     513
     513     581     582
     513     582     514
     514     582     583
     514     583     515
     515     583     584
     515     584     516
     516     584     585
     516     585     517
     517     585     586
     517     586     518
     518     586     587
     518     587     519
     519     587     588
     519     588     520
     520     588     589
     520     589     521
     521     589     590
     521     590     522
     522     590     591
     522     591     523
     523     591     592
     523     592     524
     524     592     593
     524     593     525
     525     593     594
     525     594     526
     526     594     595
     526     595     527
     527     595     596
     527     596     528
     528     596     597
     528     597     529
     529     597     598
     529     598     530
     530     598     599
     530     599     531
     531     599     600
     531     600     532
     532     600     601
     532     601     533
     533     601     602
     533     602     534
     534     602     603
     534     603     535
     535     603     604
     535     604     536
     536     604     605
     536     605     537
     537     605     606
     537     606     538
     538     606     607
     538     607     539
     539     607     608
     539     608     540
     540     608     609
     540     609     541
     541     609     610
     541     610     542
     542     610     611
     542     611     543
     543     611     612
     543     612     613
     543     613     544
     544     613     614
     544     614     545
     545     614     615
     545     615     546
     546     615     616
     546     616     547
     547     616     617
     547     617     548
     548     617     618
     548     618     549
     549     618     619
     549     619     550
     550     619     620
     550     620     551
     551     620     621
     551     621     552
     552     621     622
     552     622     553
     553     622     623
     553     623     554
     554     623     624
     554     624     555
     555     624     625
     555     625     556
     556     625     626
     556     626     557
     557     626     627
     557     627     558
     558     627     628
     558     628     559
     559     628     629
     559     629     560
     560     629     630
     560     630     561
     561     630     631
     561     631     562
     562     631     632
     562     632     563
     563     632     633
     563     633     564
     564     633     634
     564     634     565
     565     634     635
     565     635     566
     566     635     636
     566     636     567
     567     636     637
     567     637     568
     568     637     638
     568     638     569
     569     638     639
     569     639     570
     570     639     640
     570     640     571
     571     640     641
     571     641     572
     572     641     642
     572     642     573
     573     642     643
     573     643     574
     574     643     644
     574     644     575
     575     644     645
     575     645     576
     576     645     646
     576     646     509
     509     646     577
     577     647     648
     577     648     578
     578     648     649
     578     649     579
     579     649     650
     579     650     580
     580     650     651
     580     651     581
     581     651     652
     581     652     582
     582     652     653
     582     653     583
     583     653     654
     583     654     584
     584     654     655
     584     655     585
     585     655     656
     585     656     586
     586     656     657
     586     657     587
     587     657     658
     587     658     588
     588     658     659
     588     659     589
     589     659     660
     589     660     590
     590     660     661
     590     661     591
     591     661     662
     591     662     592
     592     662     663
     592     663     593
     593     663     664
     593     664     594
     594     664     665
     594     665     595
     595     665     666
     595     666     596
     596     666     667
     596     667     597
     597     667     668
     597     668     598
     598     668     669
     598     669     599
     599     669     670
     599     670     600
     600     670     671
     600     671     601
     601     671     672
     601     672     602
     602     672     673
     602     673     603
     603     673     674
     603     674     604
     604     674     675
     604     675     605
     605     675     676
     605     676     606
     606     676     677
     606     677     607
     607     677     678
     607     678     608
     608     678     679
     608     679     609
     609     679     680
     609     680     610
     610     680     681
     610     681     611
     611     681     682
     611     682     612
     612     682     683
     612     683     613
     613     683     684
     613     684     614
     614     684     685
     614     685     615
     615     685     686
     615     686     616
     616     686     687
     616     687     617
     617     687     688
     617     688     618
     618     688     689
     618     689     619
     619     689     690
     619     690     620
     620     690     691
     620     691     621
     621     691     692
     621     692     622
     622     692     693
     622     693     623
     623     693     694
     623     694     624
     624     694     695
     624     695     625
     625     695     696
     625     696     626
     626     696     697
     626     697     627
     627     697     698
     627     698     628
     628     698     699
     628     699     629
     629     699     700
     629     700     630
     630     700     701
     630     701     631
     631     701     702
     631     702     632
     632     702     703
     632     703     633
     633     703     704
     633     704     634
     634     704     705
     634     705     635
     635     705     706
     635     706     636
     636     706     707
     636     707     637
     637     707     708
     637     708     638
     638     708     709
     638     709     639
     639     709     710
     639     710     640
     640     710     711
     640     711     641
     641     711     712
     641     712     642
     642     712     713
     642     713     643
     643     713     714
     643     714     644
     644     714     715
     644     715     645
     645     715     716
     645     716     646
     646     716     717
     646     717     577
     577     717     647
     647     718     719
     647     719     648
     648     719     720
     648     720     649
     649     720     721
     649     721     650
     650     721     722
     650     722     651
     651     722     723
     651     723     652
     652     723     724
     652     724     653
     653     724     725
     653     725     654
     654     725     726
     654     726     655
     655     726     727
     655     727     656
     656     727     728
     656     728     657
     657     728     729
     657     729     658
     658     729     730
     658     730     659
     659     730     731
     659     731     660
     660     731     732
     660     732     661
     661     732     733
     661     733     662
     662     733     734
     662     734     663
     663     734     735
     663     735     664
     664     735     736
     664     736     665
     665     736     737
     665     737     666
     666     737     738
     666     738     667
     667     738     739
     667     739     668
     668     739     740
     668     740     669
     669     740     741
     669     741     670
     670     741     742
     670     742     671
     671     742     743
     671     743     672
     672     743     744
     672     744     673
     673     744     745
     673     745     674
     674     745     746
     674     746     675
     675     746     747
     675     747     676
     676     747     748
     676     748     677
     677     748     749
     677     749     678
     678     749     750
     678     750     679
     679     750     751
     679     751     680
     680     751     752
     680     752     681
     681     752     753
     681     753     682
     682     753     754
     682     754     683
     683     754     755
     683     755     684
     684     755     756
     684     756     685
     685     756     757
     685     757     686
     686     757     758
     686     758     687
     687     758     759
     687     759     688
     688     759     760
     688     760     689
     689     760     761
     689     761     690
     690     761     762
     690     762     691
     691     762     763
     691     763     692
     692     763     764
     692     764     693
     693     764     765
     693     765     694
     694     765     766
     694     766     695
     695     766     767
     695     767     696
     696     767     768
     696     768     697
     697     768     769
     697     769     698
     698     769     770
     698     770     699
     699     770     771
     699     771     700
     700     771     772
     700     772     701
     701     772     773
     701     773     702
     702     773     774
     702     774     703
     703     774     775
     703     775     704
     704     775     776
     704     776     705
     705     776     777
     705     777     706
     706     777     778
     706     778     707
     707     778     779
     707     779     708
     708     779     780
     708     780     709
     709     780     781
     709     781     710
     710     781     782
     710     782     711
     711     782     783
     711     783     712
     712     783     784
     712     784     713
     713     784     785
     713     785     714
     714     785     786
     714     786     715
     715     786     787
     715     787     716
     716     787     788
     716     788     717
     717     788     789
     717     789     647
     647     789     718
     718     790     719
     719     790     791
     719     791     720
     720     791     792
     720     792     721
     721     792     793
     721     793     722
     722     793     794
     722     794     723
     723     794     795
     723     795     724
     724     795     796
     724     796     725
     725     796     797
     725     797     726
     726     797     798
     726     798     727
     727     798     799
     727     799     728
     728     799     800
     728     800     729
     729     800     801
     729     801     730
     730     801     802
     730     802     731
     731     802     803
     731     803     732
     732     803     804
     732     804     733
     733     804     805
     733     805     734
     734     805     806
     734     806     735
     735     806     807
     735     807     736
     736     807     808
     736     808     737
     737     808     809
     737     809     738
     738     809     810
     738     810     739
     739     810     811
     739     811     740
     740     811     812
     740     812     741
     741     812     813
     741     813     742
     742     813     814
     742     814     743
     743     814     815
     743     815     744
     744     815     816
     744     816     745
     745     816     817
     745     817     746
     746     817     818
     746     818     747
     747     818     819
     747     819     748
     748     819     820
     748     820     749
     749     820     821
     749     821     750
     750     821     822
     750     822     751
     751     822     823
     751     823     752
     752     823     824
     752     824     753
     753     824     825
     753     825     754
     754     825     826
     754     826     755
     755     826     827
     755     827     756
     756     827     828
     756     828     757
     757     828     829
     757     829     758
     758     829     830
     758     830     759
     759     830     831
     759     831     760
     760     831     832
     760     832     761
     761     832     833
     761     833     762
     762     833     834
     762     834     763
     763     834     835
     763     835     764
     764     835     836
     764     836     765
     765     836     837
     765     837     766
     766     837     838
     766     838     767
     767     838     839
     767     839     768
     768     839     840
     768     840     769
     769     840     841
     769     841     770
     770     841     842
     770     842     771
     771     842     843
     771     843     772
     772     843     844
     772     844     773
     773     844     845
     773     845     774
     774     845     846
     774     846     775
     775     846     847
     775     847     776
     776     847     848
     776     848     777
     777     848     849
     777     849     778
     778     849     850
     778     850     779
     779     850     851
     779     851     780
     780     851     852
     780     852     781
     781     852     853
     781     853     782
     782     853     854
     782     854     783
     783     854     855
     783     855     784
     784     855     856
     784     856     785
     785     856     857
     785     857     786
     786     857     858
     786     858     787
     787     858     859
     787     859     788
     788     859     860
     788     860     789
     789     860     861
     789     861     718
     718     861     790
     790     862     791
     791     862     863
     791     863     792
     792     863     864
     792     864     793
     793     864     865
     793     865     794
     794     865     866
     794     866     795
     795     866     867
     795     867     796
     796     867     868
     796     868     797
     797     868     869
     797     869     798
     798     869     870
     798     870     799
     799     870     871
     799     871     800
     800     871     872
     800     872     801
     801     872     873
     801     873     802
     802     873     874
     802     874     803
     803     874     875
     803     875     804
     804     875     876
     804     876     805
     805     876     877
     805     877     806
     806     877     878
     806     878     807
     807     878     879
     807     879     808
     808     879     880
     808     880     809
     809     880     881
     809     881     810
     810     881     882
     810     882     811
     811     882     883
     811     883     812
     812     883     884
     812     884     813
     813     884     885
     813     885     814
     814     885     886
     814     886     815
     815     886     887
     815     887     816
     816     887     888
     816     888     817
     817     888     889
     817     889     818
     818     889     890
     818     890     819
     819     890     891
     819     891     820
     820     891     892
     820     892     821
     821     892     893
     821     893     822
     822     893     894
     822     894     823
     823     894     895
     823     895     824
     824     895     896
     824     896     825
     825     896     897
     825     897     826
     826     897     898
     826     898     827
     827     898     899
     827     899     828
     828     899     900
     828     900     829
     829     900     901
     829     901     830
     830     901     902
     830     902     831
     831     902     903
     831     903     832
     832     903     904
     832     904     833
     833     904     905
     833     905     834
     834     905     906
     834     906     835
     835     906     907
     835     907     836
     836     907     908
     836     908     837
     837     908     909
     837     909     838
     838     909     910
     838     910     839
     839     910     911
     839     911     840
     840     911     912
     840     912     841
     841     912     913
     841     913     842
     842     913     914
     842     914     843
     843     914     915
     843     915     844
     844     915     916
     844     916     845
     845     916     917
     845     917     846
     846     917     918
     846     918     847
     847     918     919
     847     919     848
     848     919     920
     848     920     849
     849     920     921
     849     921     850
     850     921     922
     850     922     851
     851     922     923
     851     923     852
     852     923     924
     852     924     853
     853     924     925
     853     925     854
     854     925     926
     854     926     855
     855     926     927
     855     927     856
     856     927     928
     856     928     857
     857     928     929
     857     929     858
     858     929     930
     858     930     859
     859     930     931
     859     931     860
     860     931     932
     860     932     861
     861     932     933
     861     933     790
     790     933     862
     862     934     863
     863     934     935
     863     935     864
     864     935     936
     864     936     865
     865     936     937
     865     937     866
     866     937     938
     866     938     867
     867     938     939
     867     939     868
     868     939     940
     868     940     869
     869     940     941
     869     941     870
     870     941     942
     870     942     871
     871     942     943
     871     943     872
     872     943     944
     872     944     873
     873     944     945
     873     945     874
     874     945     946
     874     946     875
     875     946     947
     875     947     876
     876     947     948
     876     948     877
     877     948     949
     877     949     878
     878     949     950
     878     950     879
     879     950     951
     879     951     880
     880     951     952
     880     952     881
     881     952     953
     881     953     882
     882     953     954
     882     954     883
     883     954     955
     883     955     884
     884     955     956
     884     956     885
     885     956     957
     885     957     886
     886     957     958
     886     958     887
     887     958     959
     887     959     888
     888     959     960
     888     960     889
     889     960     961
     889     961     890
     890     961     962
     890     962     891
     891     962     963
     891     963     892
     892     963     964
     892     964     893
     893     964     965
     893     965     894
     894     965     966
     894     966     895
     895     966     967
     895     967     896
     896     967     968
     896     968     897
     897     968     969
     897     969     898
     898     969     970
     898     970     899
     899     970     971
     899     971     900
     900     971     972
     900     972     901
     901     972     973
     901     973     902
     902     973     974
     902     974     903
     903     974     975
     903     975     904
     904     975     976
     904     976     905
     905     976     977
     905     977     906
     906     977     978
     906     978     907
     907     978     979
     907     979     908
     908     979     980
     908     980     909
     909     980     981
     909     981     910
     910     981     982
     910     982     911
     911     982     983
     911     983     912
     912     983     984
     912     984     913
     913     984     985
     913     985     914
     914     985     986
     914     986     915
     915     986     987
     915     987     916
     916     987     988
     916     988     917
     917     988     989
     917     989     918
     918     989     990
     918     990     919
     919     990     991
     919     991     920
     920     991     992
     920     992     921
     921     992     993
     921     993     922
     922     993     994
     922     994     923
     923     994     995
     923     995     924
     924     995     996
     924     996     925
     925     996     997
     925     997     926
     926     997     998
     926     998     927
     927     998     999
     927     999     928
     928     999    1000
     928    1000     929
     929    1000    1001
     929    1001     930
     930    1001    1002
     930    1002     931
     931    1002    1003
     931    1003     932
     932    1003    1004
     932    1004     933
     933    1004     862
     862    1004     934
     934    1005     935
     935    1005    1006
     935    1006     936
     936    1006    1007
     936    1007     937
     937    1007    1008
     937    1008     938
     938    1008    1009
     938    1009     939
     939    1009    1010
     939    1010     940
     940    1010    1011
     940    1011     941
     941    1011    1012
     941    1012     942
     942    1012    1013
     942    1013     943
     943    1013    1014
     943    1014     944
     944    1014    1015
     944    1015     945
     945    1015    1016
     945    1016     946
     946    1016    1017
     946    1017     947
     947    1017    1018
     947    1018     948
     948    1018    1019
     948    1019     949
     949    1019    1020
     949    1020     950
     950    1020    1021
     950    1021     951
     951    1021    1022
     951    1022     952
     952    1022    1023
     952    1023     953
     953    1023    1024
     953    1024     954
     954    1024    1025
     954    1025     955
     955    1025    1026
     955    1026     956
     956    1026    1027
     956    1027     957
     957    1027    1028
     957    1028     958
     958    1028    1029
     958    1029     959
     959    1029    1030
     959    1030     960
     960    1030    1031
     960    1031     961
     961    1031    1032
     961    1032     962
     962    1032    1033
     962    1033     963
     963    1033    1034
     963    1034     964
     964    1034    1035
     964    1035     965
     965    1035    1036
     965    1036     966
     966    1036    1037
     966    1037     967
     967    1037    1038
     967    1038     968
     968    1038    1039
     968    1039     969
     969    1039    1040
     969    1040     970
     970    1040    1041
     970    1041     971
     971    1041    1042
     971    1042     972
     972    1042    1043
     972    1043     973
     973    1043    1044
     973    1044     974
     974    1044    1045
     974    1045     975
     975    1045    1046
     975    1046     976
     976    1046    1047
     976    1047     977
     977    1047    1048
     977    1048     978
     978    1048    1049
     978    1049     979
     979    1049    1050
     979    1050     980
     980    1050    1051
     980    1051     981
     981    1051    1052
     981    1052     982
     982    1052    1053
     982    1053     983
     983    1053    1054
     983    1054     984
     984    1054    1055
     984    1055     985
     985    1055    1056
     985    1056     986
     986    1056    1057
     986    1057     987
     987    1057    1058
     987    1058     988
     988    1058    1059
     988    1059     989
     989    1059    1060
     989    1060     990
     990    1060    1061
     990    1061     991
     991    1061    1062
     991    1062     992
     992    1062    1063
     992    1063     993
     993    1063    1064
     993    1064     994
     994    1064    1065
     994    1065     995
     995    1065    1066
     995    1066     996
     996    1066    1067
     996    1067     997
     997    1067    1068
     997    1068     998
     998    1068    1069
     998    1069     999
     999    1069    1070
     999    1070    1000
    1000    1070    1071
    1000    1071    1001
    1001    1071    1072
    1001    1072    1002
    1002    1072    1073
    1002    1073    1003
    1003    1073    1074
    1003    1074    1004
    1004    1074     934
     934    1074    1005
    1005    1075    1006
    1006    1075    1076
    1006    1076    1007
    1007    1076    1077
    1007    1077    1008
    1008    1077    1078
    1008    1078    1009
    1009    1078    1079
    1009    1079    1010
    1010    1079    1080
    1010    1080    1011
    1011    1080    1081
    1011    1081    1012
    1012    1081    1082
    1012    1082    1013
    1013    1082    1083
    1013    1083    1014
    1014    1083    1084
    1014    1084    1015
    1015    1084    1085
    1015    1085    1016
    1016    1085    1086
    1016    1086    1017
    1017    1086    1087
    1017    1087    1018
    1018    1087    1088
    1018    1088    1019
    1019    1088    1089
    1019    1089    1020
    1020    1089    1090
    1020    1090    1021
    1021    1090    1091
    1021    1091    1022
    1022    1091    1092
    1022    1092    1023
    1023    1092    1093
    1023    1093    1024
    1024    1093    1094
    1024    1094    1025
    1025    1094    1095
    1025    1095    1026
    1026    1095    1096
    1026    1096    1027
    1027    1096    1097
    1027    1097    1028
    1028    1097    1098
    1028    1098    1029
    1029    1098    1099
    1029    1099    1030
    1030    1099    1100
    1030    1100    1031
    1031    1100    1101
    1031    1101    1032
    1032    1101    1102
    1032    1102    1033
    1033    1102    1103
    1033    1103    1034
    1034    1103    1104
    1034    1104    1035
    1035    1104    1105
    1035    1105    1036
    1036    1105    1106
    1036    1106    1037
    1037    1106    1107
    1037    1107    1038
    1038    1107    1108
    1038    1108    1039
    1039    1108    1040
    1040    1108    1109
    1040    1109    1041
    1041    1109    1110
    1041    1110    1042
    1042    1110    1111
    1042    1111    1043
    1043    1111    1112
    1043    1112    1044
    1044    1112    1113
    1044    1113    1045
    1045    1113    1114
    1045    1114    1046
    1046    1114    1115
    1046    1115    1047
    1047    1115    1116
    1047    1116    1048
    1048    1116    1117
    1048    1117    1049
    1049    1117    1118
    1049    1118    1050
    1050    1118    1119
    1050    1119    1051
    1051    1119    1120
    1051    1120    1052
    1052    1120    1121
    1052    1121    1053
    1053    1121    1122
    1053    1122    1054
    1054    1122    1123
    1054    1123    1055
    1055    1123    1124
    1055    1124    1056
    1056    1124    1125
    1056    1125    1057
    1057    1125    1126
    1057    1126    1058
    1058    1126    1127
    1058    1127    1059
    1059    1127    1128
    1059    1128    1060
    1060    1128    1129
    1060    1129    1061
    1061    1129    1130
    1061    1130    1062
    1062    1130    1131
    1062    1131    1063
    1063    1131    1132
    1063    1132    1064
    1064    1132    1133
    1064    1133    1065
    1065    1133    1134
    1065    1134    1066
    1066    1134    1135
    1066    1135    1067
    1067    1135    1136
    1067    1136    1068
    1068    1136    1137
    1068    1137    1069
    1069    1137    1138
    1069    1138    1070
    1070    1138    1139
    1070    1139    1071
    1071    1139    1140
    1071    1140    1072
    1072    1140    1141
    1072    1141    1073
    1073    1141    1142
    1073    1142    1074
    1074    1142    1005
    1005    1142    1075
    1075    1143    1076
    1076    1143    1144
    1076    1144    1077
    1077    1144    1145
    1077    1145    1078
    1078    1145    1146
    1078    1146    1079
    1079    1146    1147
    1079    1147    1080
    1080    1147    1148
    1080    1148    1081
    1081    1148    1149
    1081    1149    1082
    1082    1149    1150
    1082    1150    1083
    1083    1150    1151
    1083    1151    1084
    1084    1151    1152
    1084    1152    1085
    1085    1152    1153
    1085    1153    1086
    1086    1153    1154
    1086    1154    1087
    1087    1154    1155
    1087    1155    1088
    1088    1155    1156
    1088    1156    1089
    1089    1156    1157
    1089    1157    1090
    1090    1157    1158
    1090    1158    1091
    1091    1158    1159
    1091    1159    1092
    1092    1159    1160
    1092    1160    1093
    1093    1160    1161
    1093    1161    1094
    1094    1161    1162
    1094    1162    1095
    1095    1162    1163
    1095    1163    1096
    1096    1163    1164
    1096    1164    1097
    1097    1164    1098
    1098    1164    1165
    1098    1165    1099
    1099    1165    1166
    1099    1166    1100
    1100    1166    1167
    1100    1167    1101
    1101    1167    1168
    1101    1168    1102
    1102    1168    1169
    1102    1169    1103
    1103    1169    1170
    1103    1170    1104
    1104    1170    1171
    1104    1171    1105
    1105    1171    1172
    1105    1172    1106
    1106    1172    1173
    1106    1173    1107
    1107    1173    1174
    1107    1174    1108
    1108    1174    1175
    1108    1175    1109
    1109    1175    1176
    1109    1176    1110
    1110    1176    1177
    1110    1177    1111
    1111    1177    1178
    1111    1178    1112
    1112    1178    1179
    1112    1179    1113
    1113    1179    1180
    1113    1180    1114
    1114    1180    1181
    1114    1181    1115
    1115    1181    1182
    1115    1182    1116
    1116    1182    1183
    1116    1183    1117
    1117    1183    1184
    1117    1184    1118
    1118    1184    1185
    1118    1185    1119
    1119    1185    1186
    1119    1186    1120
    1120    1186    1121
    1121    1186    1187
    1121    1187    1122
    1122    1187    1188
    1122    1188    1123
    1123    1188    1189
    1123    1189    1124
    1124    1189    1190
    1124    1190    1125
    1125    1190    1191
    1125    1191    1126
    1126    1191    1192
    1126    1192    1127
    1127    1192    1193
    1127    1193    1128
    1128    1193    1194
    1128    1194    1129
    1129    1194    1195
    1129    1195    1130
    1130    1195    1196
    1130    1196    1131
    1131    1196    1197
    1131    1197    1132
    1132    1197    1198
    1132    1198    1133
    1133    1198    1199
    1133    1199    1134
    1134    1199    1200
    1134    1200    1135
    1135    1200    1201
    1135    1201    1136
    1136    1201    1202
    1136    1202    1137
    1137    1202    1203
    1137    1203    1138
    1138    1203    1204
    1138    1204    1139
    1139    1204    1205
    1139    1205    1140
    1140    1205    1206
    1140    1206    1141
    1141    1206    1207
    1141    1207    1142
    1142    1207    1075
    1075    1207    1143
    1143    1208    1144
    1144    1208    1209
    1144    1209    1145
    1145    1209    1210
    1145    1210    1146
    1146    1210    1211
    1146    1211    1147
    1147    1211    1212
    1147    1212    1148
    1148    1212    1213
    1148    1213    1149
    1149    1213    1214
    1149    1214    1150
    1150    1214    1215
    1150    1215    1151
    1151    1215    1216
    1151    1216    1152
    1152    1216    1217
    1152    1217    1153
    1153    1217    1218
    1153    1218    1154
    1154    1218    1219
    1154    1219    1155
    1155    1219    1220
    1155    1220    1156
    1156    1220    1221
    1156    1221    1157
    1157    1221    1222
    1157    1222    1158
    1158    1222    1223
    1158    1223    1159
    1159    1223    1224
    1159    1224    1160
    1160    1224    1225
    1160    1225    1161
    1161    1225    1226
    1161    1226    1162
    1162    1226    1227
    1162    1227    1163
    1163    1227    1228
    1163    1228    1164
    1164    1228    1165
    1165    1228    1229
    1165    1229    1166
    1166    1229    1230
    1166    1230    1167
    1167    1230    1231
    1167    1231    1168
    1168    1231    1232
    1168    1232    1169
    1169    1232    1233
    1169    1233    1170
    1170    1233    1234
    1170    1234    1171
    1171    1234    1235
    1171    1235    1172
    1172    1235    1236
    1172    1236    1173
    1173    1236    1237
    1173    1237    1174
    1174    1237    1238
    1174    1238    1175
    1175    1238    1239
    1175    1239    1176
    1176    1239    1240
    1176    1240    1177
    1177    1240    1241
    1177    1241    1178
    1178    1241    1242
    1178    1242    1179
    1179    1242    1243
    1179    1243    1180
    1180    1243    1244
    1180    1244    1181
    1181    1244    1245
    1181    1245    1182
    1182    1245    1246
    1182    1246    1183
    1183    1246    1247
    1183    1247    1184
    1184    1247    1248
    1184    1248    1185
    1185    1248    1249
    1185    1249    1186
    1186    1249    1187
    1187    1249    1250
    1187    1250    1188
    1188    1250    1251
    1188    1251    1189
    1189    1251    1252
    1189    1252    1190
    1190    1252    1253
    1190    1253    1191
    1191    1253    1254
    1191    1254    1192
    1192    1254    1255
    1192    1255    1193
    1193    1255    1256
    1193    1256    1194
    1194    1256    1257
    1194    1257    1195
    1195    1257    1258
    1195    1258    1196
    1196    1258    1259
    1196    1259    1197
    1197    1259    1260
    1197    1260    1198
    1198    1260    1261
    1198    1261    1199
    1199    1261    1262
    1199    1262    1200
    1200    1262    1263
    1200    1263    1201
    1201    1263    1264
    1201    1264    1202
    1202    1264    1265
    1202    1265    1203
    1203    1265    1266
    1203    1266    1204
    1204    1266    1267
    1204    1267    1205
    1205    1267    1268
    1205    1268    1206
    1206    1268    1269
    1206    1269    1207
    1207    1269    1143
    1143    1269    1208
    1208    1270    1209
    1209    1270    1271
    1209    1271    1210
    1210    1271    1272
    1210    1272    1211
    1211    1272    1273
    1211    1273    1212
    1212    1273    1274
    1212    1274    1213
    1213    1274    1275
    1213    1275    1214
    1214    1275    1276
    1214    1276    1215
    1215    1276    1277
    1215    1277    1216
    1216    1277    1278
    1216    1278    1217
    1217    1278    1279
    1217    1279    1218
    1218    1279    1280
    1218    1280    1219
    1219    1280    1281
    1219    1281    1220
    1220    1281    1282
    1220    1282    1221
    1221    1282    1283
    1221    1283    1222
    1222    1283    1284
    1222    1284    1223
    1223    1284    1285
    1223    1285    1224
    1224    1285    1286
    1224    1286    1225
    1225    1286    1287
    1225    1287    1226
    1226    1287    1288
    1226    1288    1227
    1227    1288    1289
    1227    1289    1228
    1228    1289    1229
    1229    1289    1290
    1229    1290    1230
    1230    1290    1291
    1230    1291    1231
    1231    1291    1292
    1231    1292    1232
    1232    1292    1293
    1232    1293    1233
    1233    1293    1294
    1233    1294    1234
    1234    1294    1295
    1234    1295    1235
    1235    1295    1296
    1235    1296    1236
    1236    1296    1297
    1236    1297    1237
    1237    1297    1298
    1237    1298    1238
    1238    1298    1299
    1238    1299    1239
    1239    1299    1300
    1239    1300    1240
    1240    1300    1301
    1240    1301    1241
    1241    1301    1302
    1241    1302    1242
    1242    1302    1303
    1242    1303    1243
    1243    1303    1304
    1243    1304    1244
    1244    1304    1305
    1244    1305    1245
    1245    1305    1306
    1245    1306    1246
    1246    1306    1307
    1246    1307    1247
    1247    1307    1308
    1247    1308    1248
    1248    1308    1309
    1248    1309    1249
    1249    1309    1250
    1250    1309    1310
    1250    1310    1251
    1251    1310    1311
    1251    1311    1252
    1252    1311    1312
    1252    1312    1253
    1253    1312    1313
    1253    1313    1254
    1254    1313    1314
    1254    1314    1255
    1255    1314    1315
    1255    1315    1256
    1256    1315    1316
    1256    1316    1257
    1257    1316    1317
    1257    1317    1258
    1258    1317    1318
    1258    1318    1259
    1259    1318    1319
    1259    1319    1260
    1260    1319    1320
    1260    1320    1261
    1261    1320    1321
    1261    1321    1262
    1262    1321    1322
    1262    1322    1263
    1263    1322    1323
    1263    1323    1264
    1264    1323    1324
    1264    1324    1265
    1265    1324    1325
    1265    1325    1266
    1266    1325    1326
    1266    1326    1267
    1267    1326    1327
    1267    1327    1268
    1268    1327    1328
    1268    1328    1269
    1269    1328    1208
    1208    1328    1270
    1270    1329    1271
    1271    1329    1330
    1271    1330    1272
    1272    1330    1331
    1272    1331    1273
    1273    1331    1332
    1273    1332    1274
    1274    1332    1333
    1274    1333    1275
    1275    1333    1334
    1275    1334    1276
    1276    1334    1335
    1276    1335    1277
    1277    1335    1336
    1277    1336    1278
    1278    1336    1337
    1278    1337    1279
    1279    1337    1338
    1279    1338    1280
    1280    1338    1339
    1280    1339    1281
    1281    1339    1340
    1281    1340    1282
    1282    1340    1341
    1282    1341    1283
    1283    1341    1342
    1283    1342    1284
    1284    1342    1285
    1285    1342    1343
    1285    1343    1286
    1286    1343    1344
    1286    1344    1287
    1287    1344    1345
    1287    1345    1288
    1288    1345    1346
    1288    1346    1289
    1289    1346    1347
    1289    1347    1290
    1290    1347    1348
    1290    1348    1291
    1291    1348    1349
    1291    1349    1292
    1292    1349    1350
    1292    1350    1293
    1293    1350    1351
    1293    1351    1294
    1294    1351    1352
    1294    1352    1295
    1295    1352    1353
    1295    1353    1296
    1296    1353    1354
    1296    1354    1297
    1297    1354    1355
    1297    1355    1298
    1298    1355    1356
    1298    1356    1299
    1299    1356    1300
    1300    1356    1357
    1300    1357    1301
    1301    1357    1358
    1301    1358    1302
    1302    1358    1359
    1302    1359    1303
    1303    1359    1360
    1303    1360    1304
    1304    1360    1361
    1304    1361    1305
    1305    1361    1362
    1305    1362    1306
    1306    1362    1363
    1306    1363    1307
    1307    1363    1364
    1307    1364    1308
    1308    1364    1365
    1308    1365    1309
    1309    1365    1366
    1309    1366    1310
    1310    1366    1367
    1310    1367    1311
    1311    1367    1368
    1311    1368    1312
    1312    1368    1369
    1312    1369    1313
    1313    1369    1370
    1313    1370    1314
    1314    1370    1315
    1315    1370    1371
    1315    1371    1316
    1316    1371    1372
    1316    1372    1317
    1317    1372    1373
    1317    1373    1318
    1318    1373    1374
    1318    1374    1319
    1319    1374    1375
    1319    1375    1320
    1320    1375    1376
    1320    1376    1321
    1321    1376    1377
    1321    1377    1322
    1322    1377    1378
    1322    1378    1323
    1323    1378    1379
    1323    1379    1324
    1324    1379    1380
    1324    1380    1325
    1325    1380    1381
    1325    1381    1326
    1326    1381    1382
    1326    1382    1327
    1327    1382    1383
    1327    1383    1328
    1328    1383    1270
    1270    1383    1329
    1329    1384    1330
    1330    1384    1385
    1330    1385    1331
    1331    1385    1386
    1331    1386    1332
    1332    1386    1387
    1332    1387    1333
    1333    1387    1388
    1333    1388    1334
    1334    1388    1389
    1334    1389    1335
    1335    1389    1390
    1335    1390    1336
    1336    1390    1391
    1336    1391    1337
    1337    1391    1392
    1337    1392    1338
    1338    1392    1393
    1338    1393    1339
    1339    1393    1394
    1339    1394    1340
    1340    1394    1395
    1340    1395    1341
    1341    1395    1396
    1341    1396    1342
    1342    1396    1343
    1343    1396    1397
    1343    1397    1344
    1344    1397    1398
    1344    1398    1345
    1345    1398    1399
    1345    1399    1346
    1346    1399    1400
    1346    1400    1347
    1347    1400    1401
    1347    1401    1348
    1348    1401    1402
    1348    1402    1349
    1349    1402    1403
    1349    1403    1350
    1350    1403    1404
    1350    1404    1351
    1351    1404    1405
    1351    1405    1352
    1352    1405    1406
    1352    1406    1353
    1353    1406    1407
    1353    1407    1354
    1354    1407    1408
    1354    1408    1355
    1355    1408    1409
    1355    1409    1356
    1356    1409    1357
    1357    1409    1410
    1357    1410    1358
    1358    1410    1411
    1358    1411    1359
    1359    1411    1412
    1359    1412    1360
    1360    1412    1413
    1360    1413    1361
    1361    1413    1414
    1361    1414    1362
    1362    1414    1415
    1362    1415    1363
    1363    1415    1416
    1363    1416    1364
    1364    1416    1417
    1364    1417    1365
    1365    1417    1418
    1365    1418    1366
    1366    1418    1419
    1366    1419    1367
    1367    1419    1420
    1367    1420    1368
    1368    1420    1421
    1368    1421    1369
    1369    1421    1422
    1369    1422    1370
    1370    1422    1371
    1371    1422    1423
    1371    1423    1372
    1372    1423    1424
    1372    1424    1373
    1373    1424    1425
    1373    1425    1374
    1374    1425    1426
    1374    1426    1375
    1375    1426    1427
    1375    1427    1376
    1376    1427    1428
    1376    1428    1377
    1377    1428    1429
    1377    1429    1378
    1378    1429    1430
    1378    1430    1379
    1379    1430    1431
    1379    1431    1380
    1380    1431    1432
    1380    1432    1381
    1381    1432    1433
    1381    1433    1382
    1382    1433    1434
    1382    1434    1383
    1383    1434    1329
    1329    1434    1384
    1384    1435    1385
    1385    1435    1436
    1385    1436    1386
    1386    1436    1437
    1386    1437    1387
    1387    1437    1438
    1387    1438    1388
    1388    1438    1439
    1388    1439    1389
    1389    1439    1440
    1389    1440    1390
    1390    1440    1441
    1390    1441    1391
    1391    1441    1442
    1391    1442    1392
    1392    1442    1443
    1392    1443    1393
    1393    1443    1444
    1393    1444    1394
    1394    1444    1395
    1395    1444    1445
    1395    1445    1396
    1396    1445    1446
    1396    1446    1397
    1397    1446    1447
    1397    1447    1398
    1398    1447    1448
    1398    1448    1399
    1399    1448    1449
    1399    1449    1400
    1400    1449    1450
    1400    1450    1401
    1401    1450    1451
    1401    1451    1402
    1402    1451    1452
    1402    1452    1403
    1403    1452    1453
    1403    1453    1404
    1404    1453    1405
    1405    1453    1454
    1405    1454    1406
    1406    1454    1455
    1406    1455    1407
    1407    1455    1456
    1407    1456    1408
    1408    1456    1457
    1408    1457    1409
    1409    1457    1458
    1409    1458    1410
    1410    1458    1459
    1410    1459    1411
    1411    1459    1460
    1411    1460    1412
    1412    1460    1461
    1412    1461    1413
    1413    1461    1462
    1413    1462    1414
    1414    1462    1415
    1415    1462    1463
    1415    1463    1416
    1416    1463    1464
    1416    1464    1417
    1417    1464    1465
    1417    1465    1418
    1418    1465    1466
    1418    1466    1419
    1419    1466    1467
    1419    1467    1420
    1420    1467    1468
    1420    1468    1421
    1421    1468    1469
    1421    1469    1422
    1422    1469    1470
    1422    1470    1423
    1423    1470    1471
    1423    1471    1424
    1424    1471    1425
    1425    1471    1472
    1425    1472    1426
    1426    1472    1473
    1426    1473    1427
    1427    1473    1474
    1427    1474    1428
    1428    1474    1475
    1428    1475    1429
    1429    1475    1476
    1429    1476    1430
    1430    1476    1477
    1430    1477    1431
    1431    1477    1478
    1431    1478    1432
    1432    1478    1479
    1432    1479    1433
    1433    1479    1480
    1433    1480    1434
    1434    1480    1384
    1384    1480    1435
    1435    1481    1436
    1436    1481    1482
    1436    1482    1437
    1437    1482    1483
    1437    1483    1438
    1438    1483    1484
    1438    1484    1439
    1439    1484    1485
    1439    1485    1440
    1440    1485    1486
    1440    1486    1441
    1441    1486    1487
    1441    1487    1442
    1442    1487    1488
    1442    1488    1443
    1443    1488    1489
    1443    1489    1444
    1444    1489    1445
    1445    1489    1490
    1445    1490    1446
    1446    1490    1491
    1446    1491    1447
    1447    1491    1492
    1447    1492    1448
    1448    1492    1493
    1448    1493    1449
    1449    1493    1494
    1449    1494    1450
    1450    1494    1495
    1450    1495    1451
    1451    1495    1496
    1451    1496    1452
    1452    1496    1497
    1452    1497    1453
    1453    1497    1454
    1454    1497    1498
    1454    1498    1455
    1455    1498    1499
    1455    1499    1456
    1456    1499    1500
    1456    1500    1457
    1457    1500    1501
    1457    1501    1458
    1458    1501    1502
    1458    1502    1459
    1459    1502    1503
    1459    1503    1460
    1460    1503    1504
    1460    1504    1461
    1461    1504    1505
    1461    1505    1462
    1462    1505    1463
    1463    1505    1506
    1463    1506    1464
    1464    1506    1507
    1464    1507    1465
    1465    1507    1508
    1465    1508    1466
    1466    1508    1509
    1466    1509    1467
    1467    1509    1510
    1467    1510    1468
    1468    1510    1511
    1468    1511    1469
    1469    1511    1512
    1469    1512    1470
    1470    1512    1513
    1470    1513    1471
    1471    1513    1472
    1472    1513    1514
    1472    1514    1473
    1473    1514    1515
    1473    1515    1474
    1474    1515    1516
    1474    1516    1475
    1475    1516    1517
    1475    1517    1476
    1476    1517    1518
    1476    1518    1477
    1477    1518    1519
    1477    1519    1478
    1478    1519    1520
    1478    1520    1479
    1479    1520    1521
    1479    1521    1480
    1480    1521    1435
    1435    1521    1481
    1481    1522    1482
    1482    1522    1523
    1482    1523    1483
    1483    1523    1524
    1483    1524    1484
    1484    1524    1525
    1484    1525    1485
    1485    1525    1526
    1485    1526    1486
    1486    1526    1527
    1486    1527    1487
    1487    1527    1528
    1487    1528    1488
    1488    1528    1529
    1488    1529    1489
    1489    1529    1490
    1490    1529    1530
    1490    1530    1491
    1491    1530    1531
    1491    1531    1492
    1492    1531    1532
    1492    1532    1493
    1493    1532    1533
    1493    1533    1494
    1494    1533    1534
    1494    1534    1495
    1495    1534    1535
    1495    1535    1496
    1496    1535    1536
    1496    1536    1497
    1497    1536    1498
    1498    1536    1537
    1498    1537    1499
    1499    1537    1538
    1499    1538    1500
    1500    1538    1539
    1500    1539    1501
    1501    1539    1540
    1501    1540    1502
    1502    1540    1541
    1502    1541    1503
    1503    1541    1542
    1503    1542    1504
    1504    1542    1543
    1504    1543    1505
    1505    1543    1506
    1506    1543    1544
    1506    1544    1507
    1507    1544    1545
    1507    1545    1508
    1508    1545    1546
    1508    1546    1509
    1509    1546    1547
    1509    1547    1510
    1510    1547    1548
    1510    1548    1511
    1511    1548    1549
    1511    1549    1512
    1512    1549    1550
    1512    1550    1513
    1513    1550    1514
    1514    1550    1551
    1514    1551    1515
    1515    1551    1552
    1515    1552    1516
    1516    1552    1553
    1516    1553    1517
    1517    1553    1554
    1517    1554    1518
    1518    1554    1555
    1518    1555    1519
    1519    1555    1556
    1519    1556    1520
    1520    1556    1557
    1520    1557    1521
    1521    1557    1522
    1521    1522    1481
    1522    1558    1523
    1523    1558    1559
    1523    1559    1524
    1524    1559    1560
    1524    1560    1525
    1525    1560    1561
    1525    1561    1526
    1526    1561    1562
    1526    1562    1527
    1527    1562    1528
    1528    1562    1563
    1528    1563    1529
    1529    1563    1564
    1529    1564    1530
    1530    1564    1565
    1530    1565    1531
    1531    1565    1566
    1531    1566    1532
    1532    1566    1567
    1532    1567    1533
    1533    1567    1534
    1534    1567    1568
    1534    1568    1535
    1535    1568    1569
    1535    1569    1536
    1536    1569    1570
    1536    1570    1537
    1537    1570    1571
    1537    1571    1538
    1538    1571    1572
    1538    1572    1539
    1539    1572    1540
    1540    1572    1573
    1540    1573    1541
    1541    1573    1574
    1541    1574    1542
    1542    1574    1575
    1542    1575    1543
    1543    1575    1576
    1543    1576    1544
    1544    1576    1577
    1544    1577    1545
    1545    1577    1546
    1546    1577    1578
    1546    1578    1547
    1547    1578    1579
    1547    1579    1548
    1548    1579    1580
    1548    1580    1549
    1549    1580    1581
    1549    1581    1550
    1550    1581    1582
    1550    1582    1551
    1551    1582    1583
    1551    1583    1552
    1552    1583    1553
    1553    1583    1584
    1553    1584    1554
    1554    1584    1585
    1554    1585    1555
    1555    1585    1586
    1555    1586    1556
    1556    1586    1587
    1556    1587    1557
    1557    1587    1522
    1522    1587    1558
    1558    1588    1559
    1559    1588    1589
    1559    1589    1560
    1560    1589    1590
    1560    1590    1561
    1561    1590    1591
    1561    1591    1562
    1562    1591    1592
    1562    1592    1563
    1563    1592    1564
    1564    1592    1593
    1564    1593    1565
    1565    1593    1594
    1565    1594    1566
    1566    1594    1595
    1566    1595    1567
    1567    1595    1596
    1567    1596    1568
    1568    1596    1597
    1568    1597    1569
    1569    1597    1570
    1570    1597    1598
    1570    1598    1571
    1571    1598    1599
    1571    1599    1572
    1572    1599    1600
    1572    1600    1573
    1573    1600    1601
    1573    1601    1574
    1574    1601    1602
    1574    1602    1575
    1575    1602    1576
    1576    1602    1603
    1576    1603    1577
    1577    1603    1604
    1577    1604    1578
    1578    1604    1605
    1578    1605    1579
    1579    1605    1606
    1579    1606    1580
    1580    1606    1607
    1580    1607    1581
    1581    1607    1582
    1582    1607    1608
    1582    1608    1583
    1583    1608    1609
    1583    1609    1584
    1584    1609    1610
    1584    1610    1585
    1585    1610    1611
    1585    1611    1586
    1586    1611    1612
    1586    1612    1587
    1587    1612    1558
    1558    1612    1588
    1588    1613    1589
    1589    1613    1614
    1589    1614    1590
    1590    1614    1615
    1590    1615    1591
    1591    1615    1616
    1591    1616    1592
    1592    1616    1593
    1593    1616    1617
    1593    1617    1594
    1594    1617    1618
    1594    1618    1595
    1595    1618    1619
    1595    1619    1596
    1596    1619    1597
    1597    1619    1620
    1597    1620    1598
    1598    1620    1621
    1598    1621    1599
    1599    1621    1622
    1599    1622    1600
    1600    1622    1601
    1601    1622    1623
    1601    1623    1602
    1602    1623    1624
    1602    1624    1603
    1603    1624    1625
    1603    1625    1604
    1604    1625    1605
    1605    1625    1626
    1605    1626    1606
    1606    1626    1627
    1606    1627    1607
    1607    1627    1628
    1607    1628    1608
    1608    1628    1609
    1609    1628    1629
    1609    1629    1610
    1610    1629    1630
    1610    1630    1611
    1611    1630    1631
    1611    1631    1612
    1612    1631    1613
    1612    1613    1588
    1613    1632    1614
    1614    1632    1633
    1614    1633    1615
    1615    1633    1634
    1615    1634    1616
    1616    1634    1617
    1617    1634    1635
    1617    1635    1618
    1618    1635    1636
    1618    1636    1619
    1619    1636    1620
    1620    1636    1637
    1620    1637    1621
    1621    1637    1638
    1621    1638    1622
    1622    1638    1623
    1623    1638    1639
    1623    1639    1624
    1624    1639    1640
    1624    1640    1625
    1625    1640    1626
    1626    1640    1641
    1626    1641    1627
    1627    1641    1642
    1627    1642    1628
    1628    1642    1629
    1629    1642    1643
    1629    1643    1630
    1630    1643    1644
    1630    1644    1631
    1631    1644    1613
    1613    1644    1632
    1632    1645    1633
    1633    1645    1634
    1634    1645    1646
    1634    1646    1635
    1635    1646    1636
    1636    1646    1647
    1636    1647    1637
    1637    1647    1638
    1638    1647    1648
    1638    1648    1639
    1639    1648    1640
    1640    1648    1649
    1640    1649    1641
    1641    1649    1642
    1642    1649    1650
    1642    1650    1643
    1643    1650    1644
    1644    1650    1632
    1632    1650    1645
    1645    1651    1646
    1646    1651    1647
    1647    1651    1648
    1648    1651    1649
    1649    1651    1650
    1650    1651    1645
