       0
       1
       2
       3
       4
       5
       6
       7
       8
       9
      10
      11
      12
      13
      14
      15
      16
      17
      18
      19
      20
      21
      22
      23
      24
      25
      26
      27
      28
      29
      30
      31
      32
      33
      34
      35
      36
      37
      38
      39
      40
      41
      42
      43
      44
      45
      46
      47
      48
      49
      50
      51
      52
      53
      54
      55
      56
      57
      58
      59
      60
      61
      62
      63
      64
      65
      66
      67
      68
      69
      70
      71
      72
      73
      74
      75
      76
      77
      78
      79
      80
      81
      82
      83
      84
      85
      86
      87
      88
      89
      90
      91
      92
      93
      94
      95
      96
      97
      98
      99
     100
     101
     102
     103
     104
     105
     106
     107
     108
     109
     110
     111
     112
     113
     114
     115
     116
     117
     118
     119
     120
     121
     122
     123
     124
     125
     126
     127
     128
     129
     130
     131
     132
     133
     134
     135
     136
     137
     138
     139
     140
     141
     142
     143
     144
     145
     146
     147
     148
     149
     150
     151
     152
     153
     154
     155
     156
     157
     158
     159
     160
     161
     162
     163
     164
     165
     166
     167
     168
     169
     170
     171
     172
     173
     174
     175
     176
     177
     178
     179
     180
     181
     182
     183
     184
     185
     186
     187
     188
     189
     190
     191
     192
     193
     194
     195
     196
     197
     198
     199
     200
     201
     202
     203
     204
     205
     206
     207
     208
     209
     210
     211
     212
     213
     214
     215
     216
     217
     218
     219
     220
     221
     222
     223
     224
     225
     226
     227
     228
     229
     230
     231
     232
     233
     234
     235
     236
     237
     238
     239
     240
     241
     242
     243
     244
     245
     246
     247
     248
     249
     250
     251
     252
     253
     254
     255
     256
     257
     258
     259
     260
     261
     262
     263
     264
     265
     266
     267
     268
     269
     270
     271
     272
     273
     274
     275
     276
     277
     278
     279
     280
     281
     282
     283
     284
     285
     286
     287
     288
     289
     290
     291
     292
     293
     294
     295
     296
     297
     298
     299
     300
     301
     302
     303
     304
     305
     306
     307
     308
     309
     310
     311
     312
     313
     314
     315
     316
     317
     318
     319
     320
     321
     322
     323
     324
     325
     326
     327
     328
     329
     330
     331
     332
     333
     334
     335
     336
     337
     338
     339
     340
     341
     342
     343
     344
     345
     346
     347
     348
     349
     350
     351
     352
     353
     354
     355
     356
     357
     358
     359
     360
     361
     362
     363
     364
     365
     366
     367
     368
     369
     370
     371
     372
     373
     374
     375
     376
     377
     378
     379
     380
     381
     382
     383
     384
     385
     386
     387
     388
     389
     390
     391
     392
     393
     394
     395
     396
     397
     398
     399
     400
     401
     402
     403
     404
     405
     406
     407
     408
     409
     410
     411
     412
     413
     414
     415
     416
     417
     418
     419
     420
     421
     422
     423
     424
     425
     426
     427
     428
     429
     430
     431
     432
     433
     434
     435
     436
     437
     438
     439
     440
     441
     442
     443
     444
     445
     446
     447
     448
     449
     450
     451
     452
     453
     454
     455
     456
     457
     458
     459
     460
     461
     462
     463
     464
     465
     466
     467
     468
     469
     470
     471
     472
     473
     474
     475
     476
     477
     478
     479
     480
     481
     482
     483
     484
     485
     486
     487
     488
     489
     490
     491
     492
     493
     494
     495
     496
     497
     498
     499
     500
     501
     502
     503
     504
     505
     506
     507
     508
     509
     510
     511
     512
     513
     514
     515
     516
     517
     518
     519
     520
     521
     522
     523
     524
     525
     526
     527
     528
     529
     530
     531
     532
     533
     534
     535
     536
     537
     538
     539
     540
     541
     542
     543
     544
     545
     546
     547
     548
     549
     550
     551
     552
     553
     554
     555
     556
     557
     558
     559
     560
     561
     562
     563
     564
     565
     566
     567
     568
     569
     570
     571
     572
     573
     574
     575
     576
     577
     578
     579
     580
     581
     582
     583
     584
     585
     586
     587
     588
     589
     590
     591
     592
     593
     594
     595
     596
     597
     598
     599
     600
     601
     602
     603
     604
     605
     606
     607
     608
     609
     610
     611
     612
     613
     614
     615
     616
     617
     618
     619
     620
     621
     622
     623
     624
     625
     626
     627
     628
     629
     630
     631
     632
     633
     634
     635
     636
     637
     638
     639
     640
     641
     642
     643
     644
     645
     646
     647
     648
     649
     650
     651
     652
     653
     654
     655
     656
     657
     658
     659
     660
     661
     662
     663
     664
     665
     666
     667
     668
     669
     670
     671
     672
     673
     674
     675
     676
     677
     678
     679
     680
     681
     682
     683
     684
     685
     686
     687
     688
     689
     690
     691
     692
     693
     694
     695
     696
     697
     698
     699
     700
     701
     702
     703
     704
     705
     706
     707
     708
     709
     710
     711
     712
     713
     714
     715
     716
     717
     718
     719
     720
     721
     722
     723
     724
     725
     726
     727
     728
     729
     730
     731
     732
     733
     734
     735
     736
     737
     738
     739
     740
     741
     742
     743
     744
     745
     746
     747
     748
     749
     750
     751
     752
     753
     754
     755
     756
     757
     758
     759
     760
     761
     762
     763
     764
     765
     766
     767
     768
     769
     770
     771
     772
     773
     774
     775
     776
     777
     778
     779
     780
     781
     782
     783
     784
     785
     786
     787
     788
     789
     790
     791
     792
     793
     794
     795
     796
     797
     798
     799
     800
     801
     802
     803
     804
     805
     806
     807
     808
     809
     810
     811
     812
     813
     814
     815
     816
     817
     818
     819
     820
     821
     822
     823
     824
     825
     826
     827
     828
     829
     830
     831
     832
     833
     834
     835
     836
     837
     838
     839
     840
     841
     842
     843
     844
     845
     846
     847
     848
     849
     850
     851
     852
     853
     854
     855
     856
     857
     858
     859
     860
     861
     862
     863
     864
     865
     866
     867
     868
     869
     870
     871
     872
     873
     874
     875
     876
     877
     878
     879
     880
     881
     882
     883
     884
     885
     886
     887
     888
     889
     890
     891
     892
     893
     894
     895
     896
     897
     898
     899
     900
     901
     902
     903
     904
     905
     906
     907
     908
     909
     910
     911
     912
     913
     914
     915
     916
     917
     918
     919
     920
     921
     922
     923
     924
     925
     926
     927
     928
     929
     930
     931
     932
     933
     934
     935
     936
     937
     938
     939
     940
     941
     942
     943
     944
     945
     946
     947
     948
     949
     950
     951
     952
     953
     954
     955
     956
     957
     958
     959
     960
     961
     962
     963
     964
     965
     966
     967
     968
     969
     970
     971
     972
     973
     974
     975
     976
     977
     978
     979
     980
     981
     982
     983
     984
     985
     986
     987
     988
     989
     990
     991
     992
     993
     994
     995
     996
     997
     998
     999
    1000
    1001
    1002
    1003
    1004
    1005
    1006
    1007
    1008
    1009
    1010
    1011
    1012
    1013
    1014
    1015
    1016
    1017
    1018
    1019
    1020
    1021
    1022
    1023
    1024
    1025
    1026
    1027
    1028
    1029
    1030
    1031
    1032
    1033
    1034
    1035
    1036
    1037
    1038
    1039
    1040
    1041
    1042
    1043
    1044
    1045
    1046
    1047
    1048
    1049
    1050
    1051
    1052
    1053
    1054
    1055
    1056
    1057
    1058
    1059
    1060
    1061
    1062
    1063
    1064
    1065
    1066
    1067
    1068
    1069
    1070
    1071
    1072
    1073
    1074
    1075
    1076
    1077
    1078
    1079
    1080
    1081
    1082
    1083
    1084
    1085
    1086
    1087
    1088
    1089
    1090
    1091
    1092
    1093
    1094
    1095
    1096
    1097
    1098
    1099
    1100
    1101
    1102
    1103
    1104
    1105
    1106
    1107
    1108
    1109
    1110
    1111
    1112
    1113
    1114
    1115
    1116
    1117
    1118
    1119
    1120
    1121
    1122
    1123
    1124
    1125
    1126
    1127
    1128
    1129
    1130
    1131
    1132
    1133
    1134
    1135
    1136
    1137
    1138
    1139
    1140
    1141
    1142
    1143
    1144
    1145
    1146
    1147
    1148
    1149
    1150
    1151
    1152
    1153
    1154
    1155
    1156
    1157
    1158
    1159
    1160
    1161
    1162
    1163
    1164
    1165
    1166
    1167
    1168
    1169
    1170
    1171
    1172
    1173
    1174
    1175
    1176
    1177
    1178
    1179
    1180
    1181
    1182
    1183
    1184
    1185
    1186
    1187
    1188
    1189
    1190
    1191
    1192
    1193
    1194
    1195
    1196
    1197
    1198
    1199
    1200
    1201
    1202
    1203
    1204
    1205
    1206
    1207
    1208
    1209
    1210
    1211
    1212
    1213
    1214
    1215
    1216
    1217
    1218
    1219
    1220
    1221
    1222
    1223
    1224
    1225
    1226
    1227
    1228
    1229
    1230
    1231
    1232
    1233
    1234
    1235
    1236
    1237
    1238
    1239
    1240
    1241
    1242
    1243
    1244
    1245
    1246
    1247
    1248
    1249
    1250
    1251
    1252
    1253
    1254
    1255
    1256
    1257
    1258
    1259
    1260
    1261
    1262
    1263
    1264
    1265
    1266
    1267
    1268
    1269
    1270
    1271
    1272
    1273
    1274
    1275
    1276
    1277
    1278
    1279
    1280
    1281
    1282
    1283
    1284
    1285
    1286
    1287
    1288
    1289
    1290
    1291
    1292
    1293
    1294
    1295
    1296
    1297
    1298
    1299
    1300
    1301
    1302
    1303
    1304
    1305
    1306
    1307
    1308
    1309
    1310
    1311
    1312
    1313
    1314
    1315
    1316
    1317
    1318
    1319
    1320
    1321
    1322
    1323
    1324
    1325
    1326
    1327
    1328
    1329
    1330
    1331
    1332
    1333
    1334
    1335
    1336
    1337
    1338
    1339
    1340
    1341
    1342
    1343
    1344
    1345
    1346
    1347
    1348
    1349
    1350
    1351
    1352
    1353
    1354
    1355
    1356
    1357
    1358
    1359
    1360
    1361
    1362
    1363
    1364
    1365
    1366
    1367
    1368
    1369
    1370
    1371
    1372
    1373
    1374
    1375
    1376
    1377
    1378
    1379
    1380
    1381
    1382
    1383
    1384
    1385
    1386
    1387
    1388
    1389
    1390
    1391
    1392
    1393
    1394
    1395
    1396
    1397
    1398
    1399
    1400
    1401
    1402
    1403
    1404
    1405
    1406
    1407
    1408
    1409
    1410
    1411
    1412
    1413
    1414
    1415
    1416
    1417
    1418
    1419
    1420
    1421
    1422
    1423
    1424
    1425
    1426
    1427
    1428
    1429
    1430
    1431
    1432
    1433
    1434
    1435
    1436
    1437
    1438
    1439
    1440
    1441
    1442
    1443
    1444
    1445
    1446
    1447
    1448
    1449
    1450
    1451
    1452
    1453
    1454
    1455
    1456
    1457
    1458
    1459
    1460
    1461
    1462
    1463
    1464
    1465
    1466
    1467
    1468
    1469
    1470
    1471
    1472
    1473
    1474
    1475
    1476
    1477
    1478
    1479
    1480
    1481
    1482
    1483
    1484
    1485
    1486
    1487
    1488
    1489
    1490
    1491
    1492
    1493
    1494
    1495
    1496
    1497
    1498
    1499
    1500
    1501
    1502
    1503
    1504
    1505
    1506
    1507
    1508
    1509
    1510
    1511
    1512
    1513
    1514
    1515
    1516
    1517
    1518
    1519
    1520
    1521
    1522
    1523
    1524
    1525
    1526
    1527
    1528
    1529
    1530
    1531
    1532
    1533
    1534
    1535
    1536
    1537
    1538
    1539
    1540
    1541
    1542
    1543
    1544
    1545
    1546
    1547
    1548
    1549
    1550
    1551
    1552
    1553
    1554
    1555
    1556
    1557
    1558
    1559
    1560
    1561
    1562
    1563
    1564
    1565
    1566
    1567
    1568
    1569
    1570
    1571
    1572
    1573
    1574
    1575
    1576
    1577
    1578
    1579
    1580
    1581
    1582
    1583
    1584
    1585
    1586
    1587
    1588
    1589
    1590
    1591
    1592
    1593
    1594
    1595
    1596
    1597
    1598
    1599
    1600
    1601
    1602
    1603
    1604
    1605
    1606
    1607
    1608
    1609
    1610
    1611
    1612
    1613
    1614
    1615
    1616
    1617
    1618
    1619
    1620
    1621
    1622
    1623
    1624
    1625
    1626
    1627
    1628
    1629
    1630
    1631
    1632
    1633
    1634
    1635
    1636
    1637
    1638
    1639
    1640
    1641
    1642
    1643
    1644
    1645
    1646
    1647
    1648
    1649
    1650
    1651
    1652
    1653
    1654
    1655
    1656
    1657
    1658
    1659
    1660
    1661
    1662
    1663
    1664
    1665
    1666
    1667
    1668
    1669
    1670
    1671
    1672
    1673
    1674
    1675
    1676
    1677
    1678
    1679
    1680
    1681
    1682
    1683
    1684
    1685
    1686
    1687
    1688
    1689
    1690
    1691
    1692
    1693
    1694
    1695
    1696
    1697
    1698
    1699
    1700
    1701
    1702
    1703
    1704
    1705
    1706
    1707
    1708
    1709
    1710
    1711
    1712
    1713
    1714
    1715
    1716
    1717
    1718
    1719
    1720
    1721
    1722
    1723
    1724
    1725
    1726
    1727
    1728
    1729
    1730
    1731
    1732
    1733
    1734
    1735
    1736
    1737
    1738
    1739
    1740
    1741
    1742
    1743
    1744
    1745
    1746
    1747
    1748
    1749
    1750
    1751
    1752
    1753
    1754
    1755
    1756
    1757
    1758
    1759
    1760
    1761
    1762
    1763
    1764
    1765
    1766
    1767
    1768
    1769
    1770
    1771
    1772
    1773
    1774
    1775
    1776
    1777
    1778
    1779
    1780
    1781
    1782
    1783
    1784
    1785
    1786
    1787
    1788
    1789
    1790
    1791
    1792
    1793
    1794
    1795
    1796
    1797
    1798
    1799
    1800
    1801
    1802
    1803
    1804
    1805
    1806
    1807
    1808
    1809
    1810
    1811
    1812
    1813
    1814
    1815
    1816
    1817
    1818
    1819
    1820
    1821
    1822
    1823
    1824
    1825
    1826
    1827
    1828
    1829
    1830
    1831
    1832
    1833
    1834
    1835
    1836
    1837
    1838
    1839
    1840
    1841
    1842
    1843
    1844
    1845
    1846
    1847
    1848
    1849
    1851
    1852
    1853
    1854
    1855
    1856
    1857
    1858
    1859
    1860
    1861
    1862
    1863
    1864
    1865
    1866
    1867
    1868
    1869
    1870
    1871
    1872
    1873
    1874
    1875
    1876
    1877
    1878
    1879
    1880
    1881
    1882
    1883
    1884
    1885
    1886
    1887
    1888
    1889
    1890
    1891
    1892
    1893
    1894
    1895
    1896
    1897
    1898
    1899
    1900
    1901
    1902
    1903
    1907
    1908
    1909
    1910
    1911
    1912
    1913
    1914
    1915
    1916
    1917
    1918
    1919
    1920
    1921
    1922
    1923
    1924
    1925
    1926
    1927
    1928
    1929
    1930
    1931
    1932
    1933
    1934
    1935
    1936
    1937
    1938
    1939
    1940
    1941
    1942
    1943
    1944
    1945
    1946
    1947
    1948
    1949
    1950
    1951
    1952
    1953
    1954
    1955
    1956
    1957
    1958
    1959
    1960
    1961
    1962
    1963
    1964
    1965
    1966
    1967
    1969
    1970
    1971
    1972
    1973
    1974
    1975
    1976
    1977
    1978
    1979
    1980
    1981
    1982
    1983
    1984
    1985
    1986
    1987
    1988
    1989
    1990
    1991
    1992
    1993
    1994
    1995
    1996
    1997
    1998
    1999
    2000
    2001
    2002
    2003
    2004
    2005
    2006
    2007
    2008
    2009
    2010
    2011
    2012
    2013
    2014
    2015
    2016
    2017
    2018
    2019
    2024
    2025
    2026
    2027
    2028
    2029
    2030
    2031
    2032
    2033
    2034
    2035
    2036
    2037
    2038
    2039
    2040
    2041
    2042
    2043
    2044
    2045
    2046
    2047
    2048
    2049
    2050
    2051
    2052
    2053
    2054
    2055
    2056
    2057
    2059
    2060
    2061
    2062
    2063
    2064
    2065
    2066
    2067
    2068
    2069
    2070
    2071
    2072
    2073
    2074
    2075
    2076
    2077
    2078
    2079
    2080
    2081
    2082
    2084
    2085
    2086
    2087
    2088
    2089
    2090
    2091
    2092
    2093
    2094
    2095
    2096
    2097
    2098
    2099
    2100
    2101
    2102
    2103
    2104
    2105
    2106
    2107
    2108
    2109
    2110
    2111
    2112
    2113
    2114
    2115
    2116
    2117
    2118
    2119
    2120
    2121
    2122
    2123
    2124
    2125
    2126
    2127
    2128
    2129
    2130
    2131
    2132
    2133
    2134
    2135
    2136
    2137
    2138
    2139
    2140
    2145
    2146
    2147
    2148
    2149
    2150
    2151
    2152
    2153
    2154
    2155
    2156
    2157
    2158
    2159
    2160
    2161
    2162
    2163
    2164
    2165
    2166
    2167
    2168
    2169
    2170
    2171
    2172
    2173
    2174
    2175
    2177
    2178
    2179
    2180
    2181
    2182
    2183
    2184
    2185
    2186
    2187
    2188
    2189
    2190
    2191
    2192
    2193
    2194
    2195
    2196
    2197
    2198
    2199
    2200
    2201
    2204
    2205
    2206
    2207
    2208
    2209
    2210
    2211
    2212
    2213
    2214
    2215
    2216
    2217
    2218
    2219
    2220
    2221
    2222
    2223
    2224
    2225
    2226
    2228
    2229
    2230
    2231
    2232
    2233
    2234
    2235
    2236
    2237
    2238
    2239
    2240
    2241
    2242
    2243
    2244
    2245
    2246
    2247
    2248
    2249
    2250
    2251
    2252
    2253
    2254
    2255
    2256
    2257
    2258
    2259
    2260
    2261
    2262
    2263
    2264
    2265
    2266
    2267
    2268
    2269
    2270
    2271
    2272
    2273
    2281
    2282
    2283
    2284
    2285
    2286
    2287
    2288
    2289
    2290
    2291
    2292
    2293
    2294
    2295
    2296
    2297
    2298
    2299
    2300
    2301
    2304
    2305
    2306
    2307
    2308
    2309
    2310
    2311
    2312
    2313
    2314
    2315
    2316
    2317
    2318
    2319
    2320
    2321
    2322
    2323
    2324
    2325
    2326
    2327
    2328
    2329
    2330
    2331
    2332
    2333
    2334
    2335
    2336
    2337
    2338
    2339
    2340
    2341
    2342
    2343
    2344
    2350
    2351
    2352
    2353
    2354
    2355
    2356
    2357
    2358
    2359
    2360
    2361
    2362
    2363
    2364
    2365
    2366
    2368
    2369
    2370
    2371
    2372
    2373
    2374
    2375
    2376
    2377
    2378
    2379
    2380
    2381
    2382
    2383
    2384
    2385
    2386
    2387
    2388
    2389
    2390
    2391
    2392
    2393
    2394
    2395
    2396
    2397
    2398
    2399
    2400
    2401
    2402
    2406
    2407
    2408
    2409
    2410
    2411
    2412
    2413
    2414
    2415
    2416
    2417
    2418
    2419
    2420
    2421
    2422
    2423
    2425
    2426
    2427
    2428
    2429
    2430
    2431
    2432
    2433
    2434
    2435
    2436
    2437
    2438
    2440
    2441
    2442
    2443
    2444
    2445
    2446
    2447
    2448
    2449
    2450
    2451
    2452
    2453
    2454
    2455
    2456
    2457
    2459
    2460
    2461
    2462
    2463
    2464
    2465
    2466
    2467
    2468
    2469
    2470
    2471
    2472
    2473
    2481
    2482
    2483
    2484
    2485
    2486
    2487
    2488
    2489
    2490
    2491
    2492
    2493
    2494
    2495
    2496
    2497
    2498
    2499
    2500
    2501
    2502
    2503
    2504
    2507
    2508
    2509
    2510
    2511
    2512
    2513
    2514
    2515
    2516
    2517
    2518
    2519
    2520
    2521
    2522
    2523
    2527
    2528
    2529
    2530
    2531
    2532
    2533
    2534
    2535
    2536
    2537
    2538
    2539
    2540
    2541
    2542
    2543
    2547
    2548
    2549
    2550
    2551
    2552
    2553
    2554
    2560
    2561
    2562
    2563
    2564
    2565
    2566
    2567
    2568
    2574
    2575
    2576
    2577
    2578
    2579
    2580
    2581
    2583
    2584
    2585
    2586
    2587
    2588
    2589
    2590
    2591
    2598
    2599
    2600
    2601
    2602
    2603
    2604
    2605
    2606
    2607
    2613
    2614
    2615
    2616
    2617
    2618
    2619
    2620
    2621
    2622
    2623
    2624
    2625
    2626
    2627
    2628
    2629
    2630
    2631
    2632
    2633
    2634
    2636
    2637
    2638
    2639
    2640
    2641
    2642
    2643
    2644
    2645
    2646
    2647
    2648
    2649
    2655
    2656
    2657
    2658
    2659
    2660
    2661
    2662
    2663
    2664
    2665
    2666
    2667
    2668
    2669
    2670
    2671
    2672
    2673
    2674
    2675
    2676
    2677
    2678
    2683
    2684
    2685
    2686
    2687
    2688
    2689
    2690
    2691
    2692
    2693
    2694
    2695
    2696
    2697
    2698
    2699
    2700
    2701
    2705
    2706
    2707
    2708
    2709
    2710
    2711
    2712
    2713
    2716
    2717
    2718
    2719
    2720
    2721
    2722
    2723
    2724
    2725
    2726
    2727
    2728
    2729
    2730
    2736
    2737
    2738
    2739
    2740
    2741
    2742
    2743
    2744
    2745
    2746
    2747
    2753
    2754
    2755
    2756
    2757
    2758
    2759
    2760
    2761
    2762
    2763
    2764
    2765
    2766
    2767
    2768
    2769
    2770
    2771
    2772
    2773
    2774
    2775
    2776
    2779
    2780
    2781
    2782
    2783
    2784
    2785
    2786
    2787
    2788
    2792
    2793
    2794
    2795
    2796
    2797
    2798
    2799
    2800
    2801
    2802
    2803
    2804
    2805
    2806
    2807
    2808
    2813
    2814
    2815
    2816
    2817
    2818
    2819
    2823
    2824
    2825
    2826
    2827
    2828
    2829
    2830
    2831
    2832
    2833
    2834
    2835
    2836
    2837
    2838
    2839
    2840
    2842
    2843
    2844
    2845
    2846
    2847
    2848
    2852
    2853
    2854
    2855
    2856
    2857
    2858
    2859
    2860
    2861
    2862
    2863
    2864
    2865
    2866
    2869
    2870
    2871
    2872
    2873
    2874
    2875
    2876
    2877
    2878
    2879
    2880
    2881
    2882
    2883
    2884
    2885
    2890
    2891
    2892
    2893
    2894
    2895
    2896
    2897
    2898
    2899
    2900
    2901
    2902
    2903
    2904
    2905
    2906
    2912
    2913
    2914
    2915
    2916
    2917
    2918
    2919
    2920
    2921
    2922
    2923
    2928
    2929
    2930
    2931
    2932
    2933
    2934
    2935
    2936
    2937
    2938
    2939
    2940
    2941
    2946
    2947
    2948
    2949
    2950
    2951
    2952
    2953
    2954
    2955
    2956
    2957
    2958
    2959
    2963
    2964
    2965
    2966
    2967
    2968
    2969
    2970
    2971
    2972
    2973
    2974
    2975
    2976
    2977
    2978
    2979
    2984
    2985
    2986
    2987
    2988
    2989
    2994
    2995
    2996
    2997
    2998
    2999
    3000
    3001
    3002
    3003
    3004
    3005
    3006
    3010
    3011
    3012
    3013
    3014
    3015
    3020
    3021
    3022
    3023
    3024
    3025
    3026
    3027
    3028
    3029
    3030
    3031
    3032
    3033
    3034
    3035
    3036
    3037
    3038
    3039
    3040
    3044
    3045
    3046
    3047
    3048
    3049
    3050
    3051
    3052
    3055
    3056
    3057
    3058
    3059
    3060
    3061
    3062
    3063
    3064
    3065
    3066
    3067
    3068
    3069
    3076
    3077
    3078
    3079
    3080
    3081
    3082
    3083
    3084
    3085
    3086
    3087
    3088
    3089
    3090
    3091
    3092
    3093
    3105
    3106
    3107
    3108
    3109
    3110
    3111
    3112
    3113
    3114
    3115
    3116
    3117
    3118
    3119
    3120
    3121
    3126
    3127
    3128
    3129
    3134
    3135
    3136
    3137
    3138
    3139
    3140
    3141
    3142
    3143
    3144
    3145
    3146
    3150
    3151
    3152
    3153
    3154
    3155
    3160
    3161
    3162
    3163
    3164
    3165
    3166
    3167
    3168
    3169
    3170
    3171
    3172
    3173
    3174
    3175
    3176
    3177
    3178
    3182
    3183
    3184
    3185
    3186
    3187
    3188
    3189
    3190
    3193
    3194
    3195
    3196
    3197
    3198
    3199
    3200
    3201
    3202
    3203
    3204
    3205
    3206
    3207
    3208
    3209
    3210
    3211
    3221
    3222
    3223
    3224
    3225
    3226
    3227
    3228
    3229
    3230
    3231
    3232
    3233
    3234
    3235
    3236
    3237
    3238
    3239
    3245
    3246
    3247
    3248
    3249
    3250
    3251
    3252
    3253
    3254
    3255
    3256
    3257
    3258
    3259
    3260
    3263
    3264
    3265
    3266
    3267
    3268
    3269
    3270
    3271
    3272
    3273
    3278
    3279
    3280
    3281
    3282
    3283
    3284
    3285
    3286
    3287
    3288
    3289
    3290
    3291
    3292
    3293
    3294
    3295
    3300
    3301
    3302
    3303
    3309
    3310
    3311
    3312
    3313
    3314
    3315
    3316
    3317
    3318
    3319
    3320
    3321
    3322
    3323
    3324
    3325
    3326
    3331
    3332
    3333
    3334
    3341
    3342
    3343
    3344
    3345
    3346
    3347
    3348
    3349
    3350
    3351
    3352
    3353
    3354
    3355
    3356
    3357
    3358
    3369
    3370
    3371
    3372
    3373
    3374
    3375
    3376
    3377
    3378
    3379
    3386
    3387
    3388
    3389
    3390
    3391
    3392
    3393
    3394
    3395
    3396
    3397
    3400
    3401
    3402
    3403
    3404
    3407
    3408
    3409
    3410
    3411
    3412
    3413
    3414
    3415
    3416
    3417
    3418
    3419
    3420
    3421
    3425
    3426
    3427
    3428
    3429
    3430
    3431
    3432
    3433
    3434
    3435
    3436
    3437
    3438
    3439
    3444
    3445
    3446
    3447
    3448
    3449
    3450
    3451
    3452
    3453
    3454
    3455
    3456
    3457
    3458
    3459
    3460
    3461
    3462
    3463
    3464
    3465
    3466
    3467
    3468
    3469
    3470
    3471
    3472
    3473
    3474
    3478
    3479
    3480
    3481
    3482
    3483
    3484
    3485
    3486
    3487
    3488
    3489
    3490
    3491
    3496
    3497
    3498
    3499
    3500
    3501
    3502
    3503
    3504
    3505
    3506
    3507
    3508
    3509
    3515
    3516
    3517
    3518
    3519
    3520
    3521
    3522
    3523
    3524
    3525
    3526
    3527
    3528
    3530
    3531
    3532
    3533
    3534
    3535
    3541
    3542
    3543
    3544
    3545
    3546
    3547
    3548
    3549
    3550
    3551
    3552
    3553
    3554
    3555
    3556
    3557
    3558
    3559
    3560
    3561
    3571
    3572
    3573
    3574
    3575
    3576
    3577
    3578
    3579
    3580
    3583
    3584
    3585
    3586
    3587
    3588
    3589
    3590
    3591
    3592
    3593
    3594
    3595
    3596
    3597
    3602
    3603
    3604
    3605
    3606
    3608
    3609
    3610
    3611
    3612
    3613
    3614
    3615
    3616
    3617
    3618
    3619
    3620
    3621
    3630
    3631
    3632
    3633
    3634
    3635
    3636
    3637
    3638
    3639
    3640
    3641
    3649
    3650
    3651
    3652
    3653
    3654
    3655
    3656
    3657
    3658
    3659
    3660
    3661
    3662
    3663
    3664
    3665
    3666
    3667
    3668
    3672
    3673
    3674
    3675
    3676
    3677
    3678
    3679
    3680
    3690
    3691
    3692
    3693
    3694
    3695
    3696
    3697
    3698
    3699
    3700
    3701
    3702
    3703
    3704
    3705
    3713
    3714
    3715
    3716
    3717
    3718
    3719
    3720
    3721
    3722
    3727
    3728
    3729
    3730
    3731
    3732
    3733
    3734
    3735
    3736
    3737
    3738
    3746
    3747
    3748
    3749
    3750
    3751
    3752
    3753
    3761
    3762
    3763
    3764
    3765
    3766
    3767
    3768
    3769
    3770
    3771
    3772
    3773
    3774
    3775
    3776
    3785
    3786
    3787
    3788
    3789
    3790
    3791
    3795
    3796
    3797
    3798
    3799
    3800
    3801
    3802
    3803
    3804
    3805
    3806
    3807
    3808
    3809
    3810
    3811
    3812
    3813
    3814
    3815
    3816
    3817
    3818
    3819
    3820
    3822
    3823
    3824
    3825
    3826
    3833
    3834
    3835
    3836
    3837
    3838
    3839
    3840
    3841
    3842
    3843
    3844
    3845
    3846
    3847
    3848
    3849
    3850
    3851
    3852
    3853
    3862
    3863
    3864
    3865
    3866
    3867
    3868
    3869
    3870
    3871
    3879
    3880
    3881
    3882
    3883
    3884
    3885
    3886
    3887
    3888
    3889
    3890
    3891
    3894
    3895
    3896
    3897
    3898
    3901
    3902
    3903
    3904
    3905
    3906
    3907
    3908
    3909
    3910
    3911
    3912
    3913
    3925
    3926
    3927
    3928
    3932
    3933
    3934
    3935
    3936
    3937
    3938
    3939
    3940
    3941
    3942
    3943
    3944
    3945
    3946
    3947
    3948
    3949
    3950
    3955
    3956
    3957
    3958
    3959
    3960
    3961
    3962
    3963
    3964
    3965
    3966
    3971
    3972
    3973
    3974
    3975
    3976
    3977
    3978
    3979
    3980
    3981
    3982
    3983
    3984
    3985
    3986
    3990
    3991
    3992
    3993
    3994
    3995
    3996
    3997
    3998
    4004
    4005
    4006
    4007
    4008
    4009
    4010
    4011
    4012
    4013
    4014
    4015
    4016
    4017
    4018
    4027
    4028
    4029
    4030
    4034
    4035
    4036
    4037
    4038
    4039
    4040
    4041
    4042
    4043
    4044
    4045
    4046
    4047
    4048
    4049
    4050
    4051
    4063
    4064
    4065
    4066
    4067
    4068
    4070
    4077
    4078
    4079
    4080
    4081
    4082
    4083
    4084
    4085
    4086
    4087
    4088
    4089
    4095
    4096
    4097
    4098
    4099
    4100
    4101
    4102
    4103
    4104
    4105
    4109
    4110
    4111
    4112
    4113
    4114
    4115
    4116
    4117
    4118
    4119
    4120
    4121
    4122
    4123
    4124
    4125
    4126
    4133
    4134
    4135
    4136
    4137
    4138
    4139
    4140
    4141
    4143
    4144
    4145
    4146
    4147
    4148
    4149
    4150
    4151
    4152
    4153
    4154
    4155
    4156
    4157
    4158
    4159
    4164
    4165
    4166
    4167
    4168
    4169
    4170
    4171
    4172
    4176
    4177
    4178
    4179
    4180
    4181
    4182
    4183
    4184
    4185
    4186
    4187
    4188
    4189
    4190
    4191
    4192
    4193
    4204
    4205
    4206
    4207
    4208
    4209
    4210
    4211
    4212
    4213
    4221
    4222
    4223
    4224
    4225
    4226
    4227
    4228
    4229
    4230
    4231
    4232
    4233
    4234
    4235
    4236
    4237
    4242
    4243
    4244
    4245
    4246
    4247
    4248
    4249
    4250
    4251
    4252
    4259
    4260
    4261
    4262
    4263
    4264
    4265
    4266
    4267
    4268
    4269
    4270
    4271
    4272
    4273
    4274
    4275
    4276
    4277
    4278
    4279
    4280
    4292
    4293
    4294
    4295
    4296
    4297
    4298
    4302
    4303
    4304
    4305
    4306
    4307
    4308
    4309
    4310
    4311
    4312
    4313
    4314
    4315
    4316
    4317
    4318
    4319
    4320
    4321
    4322
    4323
    4327
    4328
    4329
    4330
    4331
    4332
    4333
    4334
    4335
    4336
    4337
    4338
    4348
    4349
    4350
    4351
    4352
    4353
    4354
    4355
    4356
    4357
    4358
    4359
    4360
    4361
    4362
    4375
    4376
    4377
    4378
    4384
    4385
    4386
    4387
    4388
    4389
    4390
    4391
    4392
    4393
    4394
    4395
    4396
    4397
    4398
    4399
    4400
    4406
    4407
    4408
    4409
    4410
    4411
    4412
    4413
    4414
    4415
    4423
    4424
    4425
    4426
    4427
    4428
    4429
    4430
    4431
    4432
    4433
    4434
    4435
    4436
    4437
    4438
    4439
    4440
    4441
    4450
    4451
    4452
    4453
    4454
    4455
    4456
    4457
    4470
    4471
    4472
    4473
    4474
    4475
    4476
    4477
    4478
    4479
    4480
    4481
    4482
    4483
    4484
    4485
    4486
    4487
    4496
    4497
    4498
    4499
    4500
    4502
    4503
    4504
    4505
    4506
    4507
    4508
    4513
    4514
    4515
    4516
    4517
    4518
    4519
    4520
    4521
    4522
    4523
    4524
    4525
    4526
    4527
    4528
    4529
    4541
    4542
    4543
    4544
    4545
    4546
    4547
    4548
    4549
    4550
    4551
    4552
    4553
    4562
    4563
    4564
    4565
    4566
    4567
    4568
    4569
    4570
    4571
    4572
    4573
    4574
    4575
    4576
    4577
    4578
    4584
    4585
    4586
    4587
    4588
    4589
    4590
    4591
    4592
    4593
    4594
    4595
    4598
    4599
    4600
    4601
    4602
    4603
    4604
    4605
    4606
    4607
    4608
    4609
    4610
    4611
    4612
    4613
    4614
    4615
    4616
    4627
    4628
    4629
    4630
    4631
    4632
    4634
    4635
    4646
    4647
    4648
    4649
    4650
    4651
    4652
    4653
    4654
    4655
    4656
    4657
    4658
    4659
    4660
    4661
    4662
    4663
    4668
    4669
    4670
    4671
    4672
    4673
    4674
    4675
    4676
    4677
    4684
    4685
    4686
    4687
    4688
    4689
    4690
    4691
    4692
    4693
    4694
    4695
    4696
    4697
    4698
    4699
    4700
    4701
    4702
    4715
    4716
    4717
    4718
    4719
    4720
    4721
    4722
    4723
    4726
    4733
    4734
    4735
    4736
    4737
    4738
    4739
    4740
    4741
    4742
    4743
    4744
    4745
    4746
    4747
    4748
    4749
    4750
    4751
    4752
    4761
    4762
    4763
    4764
    4765
    4766
    4767
    4768
    4769
    4770
    4771
    4772
    4776
    4777
    4778
    4779
    4780
    4781
    4782
    4783
    4784
    4785
    4786
    4787
    4788
    4789
    4790
    4791
    4792
    4793
    4802
    4803
    4804
    4805
    4806
    4807
    4808
    4809
    4810
    4811
    4812
    4813
    4815
    4826
    4827
    4828
    4829
    4830
    4831
    4832
    4833
    4834
    4835
    4836
    4837
    4838
    4839
    4840
    4841
    4842
    4843
    4848
    4849
    4850
    4851
    4852
    4853
    4854
    4855
    4856
    4857
    4858
    4859
    4860
    4861
    4862
    4869
    4870
    4871
    4872
    4873
    4874
    4875
    4876
    4877
    4878
    4879
    4880
    4881
    4882
    4883
    4884
    4885
    4886
    4887
    4888
    4897
    4898
    4899
    4900
    4901
    4902
    4903
    4904
    4905
    4906
    4907
    4908
    4909
    4910
    4911
    4921
    4922
    4923
    4924
    4925
    4926
    4927
    4928
    4929
    4934
    4935
    4939
    4940
    4941
    4942
    4943
    4944
    4945
    4946
    4947
    4948
    4958
    4959
    4960
    4961
    4962
    4963
    4964
    4965
    4966
    4967
    4968
    4969
    4970
    4971
    4972
    4986
    4987
    4988
    4989
    4990
    4991
    4992
    4993
    4994
    4995
    4996
    4997
    5002
    5009
    5010
    5011
    5012
    5013
    5014
    5015
    5016
    5017
    5018
    5019
    5020
    5021
    5029
    5030
    5031
    5032
    5033
    5034
    5036
    5037
    5038
    5039
    5040
    5041
    5042
    5043
    5044
    5045
    5057
    5058
    5059
    5060
    5061
    5062
    5063
    5064
    5065
    5066
    5067
    5068
    5069
    5070
    5071
    5072
    5073
    5089
    5090
    5091
    5092
    5093
    5094
    5095
    5096
    5097
    5098
    5099
    5100
    5101
    5102
    5103
    5104
    5105
    5106
    5108
    5109
    5119
    5120
    5121
    5122
    5123
    5124
    5125
    5126
    5127
    5128
    5129
    5130
    5131
    5132
    5133
    5137
    5138
    5141
    5142
    5143
    5144
    5145
    5146
    5147
    5148
    5149
    5150
    5151
    5152
    5153
    5163
    5164
    5165
    5166
    5167
    5168
    5169
    5170
    5171
    5172
    5173
    5174
    5175
    5176
    5177
    5178
    5179
    5180
    5181
    5182
    5183
    5184
    5185
    5186
    5199
    5200
    5201
    5202
    5203
    5204
    5205
    5217
    5218
    5219
    5220
    5221
    5222
    5223
    5224
    5234
    5235
    5236
    5238
    5239
    5240
    5241
    5242
    5243
    5244
    5245
    5246
    5247
    5260
    5261
    5262
    5263
    5264
    5265
    5266
    5267
    5268
    5269
    5270
    5271
    5272
    5273
    5274
    5275
    5276
    5277
    5278
    5279
    5280
    5281
    5282
    5294
    5295
    5296
    5297
    5298
    5299
    5300
    5301
    5302
    5303
    5304
    5305
    5306
    5307
    5314
    5315
    5316
    5317
    5318
    5319
    5320
    5321
    5322
    5323
    5324
    5325
    5326
    5327
    5328
    5329
    5338
    5342
    5343
    5344
    5346
    5347
    5348
    5349
    5350
    5359
    5360
    5361
    5362
    5363
    5364
    5365
    5366
    5367
    5368
    5369
    5383
    5384
    5385
    5386
    5387
    5388
    5389
    5390
    5391
    5392
    5393
    5394
    5395
    5396
    5397
    5409
    5410
    5411
    5412
    5413
    5414
    5415
    5416
    5417
    5418
    5419
    5420
    5421
    5422
    5423
    5431
    5432
    5433
    5434
    5435
    5436
    5437
    5438
    5439
    5440
    5441
    5442
    5443
    5444
    5445
    5446
    5447
    5458
    5459
    5460
    5461
    5462
    5463
    5464
    5465
    5466
    5467
    5468
    5469
    5470
    5471
    5472
    5473
    5474
    5475
    5476
    5487
    5488
    5489
    5490
    5491
    5492
    5493
    5494
    5495
    5498
    5507
    5508
    5509
    5510
    5511
    5512
    5513
    5514
    5515
    5516
    5525
    5526
    5527
    5528
    5529
    5530
    5531
    5532
    5533
    5541
    5542
    5543
    5544
    5545
    5546
    5547
    5548
    5549
    5550
    5551
    5552
    5553
    5554
    5555
    5556
    5557
    5558
    5559
    5560
    5561
    5562
    5582
    5583
    5584
    5585
    5586
    5587
    5588
    5589
    5590
    5591
    5592
    5593
    5594
    5595
    5604
    5605
    5606
    5607
    5608
    5609
    5620
    5621
    5622
    5624
    5625
    5626
    5627
    5628
    5629
    5630
    5631
    5645
    5646
    5647
    5648
    5649
    5650
    5651
    5652
    5653
    5654
    5664
    5665
    5666
    5667
    5668
    5669
    5670
    5671
    5672
    5673
    5674
    5692
    5693
    5694
    5695
    5696
    5697
    5698
    5699
    5700
    5701
    5702
    5703
    5704
    5716
    5718
    5724
    5725
    5726
    5727
    5728
    5729
    5730
    5731
    5732
    5733
    5734
    5735
    5736
    5737
    5754
    5755
    5756
    5757
    5758
    5759
    5760
    5761
    5762
    5763
    5764
    5765
    5766
    5767
    5768
    5769
    5770
    5771
    5784
    5785
    5786
    5787
    5788
    5789
    5790
    5791
    5792
    5793
    5794
    5795
    5805
    5806
    5807
    5808
    5809
    5810
    5811
    5812
    5813
    5814
    5829
    5831
    5832
    5833
    5834
    5835
    5836
    5837
    5838
    5839
    5840
    5851
    5852
    5853
    5854
    5855
    5856
    5857
    5858
    5859
    5860
    5861
    5862
    5879
    5880
    5881
    5882
    5883
    5884
    5885
    5886
    5887
    5888
    5889
    5890
    5891
    5892
    5893
    5894
    5895
    5904
    5905
    5906
    5907
    5908
    5909
    5910
    5911
    5926
    5927
    5928
    5929
    5930
    5946
    5947
    5948
    5949
    5950
    5951
    5952
    5953
    5954
    5955
    5956
    5957
    5958
    5959
    5966
    5967
    5968
    5969
    5970
    5971
    5972
    5973
    5974
    5975
    5976
    5990
    5991
    5992
    5993
    5994
    5995
    5996
    5997
    5998
    5999
    6000
    6001
    6002
    6015
    6018
    6019
    6021
    6022
    6023
    6024
    6025
    6026
    6027
    6028
    6029
    6041
    6042
    6043
    6044
    6045
    6046
    6047
    6048
    6049
    6050
    6051
    6052
    6053
    6054
    6055
    6067
    6068
    6069
    6070
    6071
    6072
    6073
    6074
    6075
    6076
    6077
    6078
    6079
    6080
    6081
    6082
    6083
    6096
    6097
    6098
    6099
    6100
    6110
    6111
    6112
    6113
    6114
    6115
    6116
    6117
    6118
    6119
    6120
    6133
    6134
    6135
    6136
    6137
    6138
    6139
    6140
    6141
    6142
    6143
    6144
    6145
    6146
    6160
    6161
    6162
    6163
    6164
    6165
    6166
    6167
    6168
    6169
    6170
    6171
    6172
    6190
    6191
    6192
    6193
    6194
    6195
    6196
    6197
    6210
    6211
    6212
    6213
    6214
    6215
    6216
    6217
    6218
    6219
    6220
    6221
    6222
    6236
    6237
    6238
    6239
    6240
    6241
    6242
    6243
    6244
    6254
    6255
    6256
    6257
    6258
    6259
    6260
    6261
    6262
    6263
    6264
    6268
    6276
    6277
    6278
    6279
    6280
    6281
    6282
    6283
    6284
    6285
    6286
    6287
    6298
    6304
    6305
    6306
    6307
    6308
    6309
    6310
    6311
    6312
    6313
    6314
    6315
    6316
    6328
    6329
    6330
    6331
    6332
    6333
    6334
    6335
    6336
    6337
    6338
    6339
    6340
    6341
    6342
    6354
    6355
    6356
    6357
    6358
    6359
    6360
    6361
    6362
    6363
    6364
    6365
    6381
    6382
    6383
    6384
    6385
    6386
    6387
    6388
    6389
    6390
    6391
    6400
    6409
    6410
    6412
    6413
    6414
    6415
    6416
    6417
    6418
    6419
    6420
    6436
    6437
    6438
    6439
    6440
    6441
    6442
    6443
    6444
    6445
    6446
    6447
    6448
    6449
    6450
    6451
    6452
    6462
    6463
    6464
    6465
    6466
    6467
    6468
    6469
    6470
    6471
    6472
    6473
    6474
    6475
    6484
    6485
    6486
    6487
    6488
    6489
    6490
    6491
    6492
    6506
    6507
    6508
    6509
    6510
    6511
    6512
    6513
    6514
    6515
    6525
    6526
    6527
    6528
    6529
    6530
    6531
    6532
    6533
    6534
    6535
    6536
    6537
    6546
    6547
    6548
    6549
    6550
    6551
    6552
    6553
    6554
    6555
    6556
    6557
    6558
    6561
    6577
    6578
    6579
    6580
    6581
    6582
    6583
    6595
    6601
    6602
    6604
    6605
    6606
    6607
    6608
    6609
    6610
    6626
    6627
    6628
    6629
    6630
    6631
    6632
    6650
    6651
    6652
    6653
    6654
    6655
    6656
    6657
    6658
    6659
    6660
    6661
    6669
    6676
    6677
    6678
    6679
    6680
    6681
    6682
    6697
    6698
    6699
    6700
    6701
    6702
    6703
    6704
    6705
    6706
    6707
    6708
    6709
    6710
    6723
    6724
    6725
    6726
    6727
    6728
    6740
    6741
    6742
    6743
    6744
    6745
    6746
    6747
    6748
    6749
    6766
    6767
    6768
    6769
    6770
    6771
    6782
    6785
    6786
    6787
    6788
    6789
    6790
    6791
    6792
    6793
    6804
    6805
    6806
    6807
    6808
    6809
    6810
    6811
    6812
    6813
    6814
    6815
    6816
    6817
    6829
    6830
    6831
    6832
    6833
    6834
    6835
    6836
    6837
    6838
    6839
    6843
    6849
    6850
    6851
    6852
    6853
    6854
    6855
    6856
    6857
    6867
    6868
    6869
    6870
    6871
    6872
    6873
    6874
    6875
    6876
    6895
    6896
    6897
    6898
    6905
    6906
    6907
    6908
    6909
    6910
    6911
    6912
    6913
    6914
    6915
    6916
    6917
    6918
    6927
    6928
    6929
    6930
    6931
    6932
    6933
    6934
    6944
    6950
    6951
    6952
    6953
    6954
    6955
    6956
    6957
    6970
    6971
    6972
    6973
    6974
    6975
    6976
    6977
    6978
    6979
    6980
    6994
    6995
    6996
    6997
    6998
    6999
    7000
    7001
    7002
    7006
    7013
    7014
    7015
    7016
    7017
    7018
    7019
    7020
    7032
    7033
    7034
    7035
    7036
    7037
    7038
    7039
    7040
    7041
    7042
    7043
    7055
    7056
    7057
    7058
    7059
    7060
    7061
    7062
    7063
    7064
    7065
    7066
    7067
    7068
    7088
    7089
    7090
    7091
    7092
    7093
    7094
    7095
    7096
    7115
    7116
    7117
    7118
    7119
    7120
    7121
    7128
    7134
    7135
    7136
    7137
    7138
    7139
    7140
    7141
    7142
    7143
    7144
    7145
    7153
    7154
    7155
    7156
    7157
    7158
    7174
    7175
    7176
    7177
    7178
    7179
    7196
    7197
    7198
    7199
    7200
    7201
    7202
    7216
    7217
    7218
    7219
    7220
    7221
    7222
    7230
    7231
    7232
    7233
    7234
    7235
    7236
    7237
    7251
    7252
    7253
    7254
    7255
    7256
    7257
    7258
    7259
    7260
    7261
    7265
    7272
    7273
    7274
    7275
    7276
    7277
    7278
    7290
    7295
    7296
    7297
    7298
    7299
    7300
    7301
    7302
    7303
    7304
    7305
    7316
    7317
    7318
    7319
    7320
    7321
    7322
    7323
    7324
    7325
    7326
    7327
    7338
    7339
    7340
    7341
    7347
    7357
    7358
    7359
    7360
    7361
    7374
    7377
    7385
    7386
    7388
    7389
    7390
    7403
    7404
    7405
    7406
    7407
    7408
    7421
    7422
    7423
    7424
    7425
    7426
    7427
    7428
    7429
    7430
    7431
    7441
    7442
    7443
    7444
    7445
    7446
    7447
    7448
    7449
    7459
    7460
    7461
    7462
    7463
    7464
    7465
    7466
    7467
    7468
    7477
    7478
    7479
    7480
    7481
    7482
    7483
    7484
    7496
    7497
    7498
    7499
    7500
    7514
    7515
    7516
    7517
    7518
    7519
    7533
    7538
    7539
    7540
    7541
    7542
    7543
    7544
    7545
    7563
    7564
    7565
    7566
    7567
    7583
    7584
    7585
    7586
    7587
    7588
    7589
    7598
    7599
    7600
    7601
    7602
    7603
    7604
    7617
    7620
    7621
    7622
    7623
    7624
    7636
    7637
    7638
    7639
    7640
    7641
    7642
    7652
    7653
    7654
    7655
    7656
    7667
    7672
    7673
    7674
    7675
    7676
    7688
    7689
    7690
    7691
    7692
    7693
    7694
    7695
    7696
    7697
    7708
    7709
    7710
    7711
    7712
    7713
    7728
    7729
    7730
    7731
    7732
    7733
    7734
    7735
    7736
    7737
    7750
    7751
    7752
    7753
    7754
    7755
    7756
    7757
    7758
    7773
    7774
    7775
    7776
    7777
    7778
    7789
    7790
    7791
    7792
    7793
    7794
    7804
    7805
    7806
    7807
    7808
    7823
    7824
    7825
    7826
    7827
    7828
    7829
    7830
    7831
    7840
    7844
    7845
    7846
    7847
    7857
    7858
    7859
    7860
    7861
    7862
    7865
    7866
    7867
    7868
    7869
    7875
    7879
    7880
    7881
    7882
    7896
    7897
    7898
    7899
    7900
    7901
    7919
    7920
    7921
    7922
    7923
    7924
    7925
    7947
    7948
    7949
    7950
    7951
    7956
    7963
    7964
    7965
    7966
    7967
    7968
    7969
    7978
    7983
    7984
    7985
    7986
    7987
    7988
    7989
    7999
    8000
    8001
    8002
    8003
    8004
    8005
    8019
    8020
    8021
    8022
    8023
    8024
    8025
    8026
    8027
    8031
    8040
    8041
    8042
    8043
    8044
    8045
    8046
    8047
    8048
    8049
    8057
    8058
    8070
    8071
    8072
    8073
    8074
    8075
    8082
    8083
    8084
    8085
    8086
    8092
    8093
    8094
    8095
    8096
    8097
    8107
    8108
    8109
    8111
    8112
    8113
    8114
    8115
    8116
    8117
    8125
    8126
    8127
    8128
    8129
    8130
    8140
    8141
    8142
    8143
    8160
    8161
    8162
    8163
    8164
    8165
    8180
    8187
    8188
    8203
    8204
    8205
    8206
    8207
    8208
    8209
    8217
    8218
    8219
    8220
    8221
    8240
    8241
    8242
    8249
    8253
    8254
    8255
    8256
    8257
    8271
    8272
    8273
    8274
    8275
    8276
    8277
    8278
    8279
    8291
    8292
    8293
    8294
    8295
    8296
    8297
    8299
    8302
    8303
    8304
    8312
    8313
    8314
    8316
    8326
    8327
    8328
    8329
    8330
    8331
    8339
    8340
    8341
    8347
    8348
    8349
    8350
    8351
    8352
    8365
    8366
    8368
    8369
    8370
    8371
    8387
    8388
    8389
    8390
    8391
    8392
    8393
    8408
    8409
    8412
    8413
    8414
    8415
    8428
    8429
    8430
    8431
    8432
    8433
    8434
    8435
    8448
    8449
    8450
    8451
    8452
    8460
    8461
    8462
    8463
    8464
    8465
    8469
    8477
    8478
    8479
    8480
    8481
    8482
    8497
    8498
    8499
    8500
    8514
    8515
    8516
    8526
    8527
    8528
    8529
    8530
    8539
    8549
    8550
    8551
    8552
    8553
    8572
    8573
    8574
    8575
    8576
    8586
    8587
    8588
    8589
    8590
    8605
    8606
    8607
    8608
    8609
    8616
    8620
    8621
    8638
    8639
    8647
    8648
    8649
    8650
    8660
    8661
    8673
    8674
    8675
    8688
    8689
    8690
    8691
    8705
    8706
    8707
    8708
    8709
    8710
    8722
    8723
    8724
    8725
    8736
    8744
    8750
    8751
    8752
    8753
    8754
    8763
    8764
    8765
    8766
    8767
    8768
    8785
    8786
    8787
    8788
    8789
    8802
    8803
    8804
    8825
    8826
    8827
    8841
    8842
    8843
    8855
    8856
    8857
    8858
    8859
    8871
    8872
    8873
    8888
    8901
    8902
    8903
    8904
    8915
    8916
    8929
    8946
    8947
    8948
    8949
    8958
    8959
    8960
    8961
    8971
    8972
    8973
    8990
    8991
    9007
    9008
    9009
    9017
    9018
    9019
    9028
    9043
    9044
    9054
    9055
    9065
    9077
    9078
    9079
    9100
    9120
    9121
    9122
    9123
    9134
    9147
    9148
    9149
    9196
    9197
    9198
    9205
    9206
    9207
    9244
    9245
    9252
    9262
    9263
    9264
    9317
   10002
   10003
   10004
   10006
   10008
   10012
   10014
   10015
   10018
   10022
   10026
   10027
   10032
   10034
   10038
   10039
   10041
   10045
   10047
   10048
   10049
   10050
   10053
   10054
   10058
   10060
   10063
   10066
   10069
   10070
   10071
   10072
   10075
   10077
   10080
   10085
   10086
   10087
   10089
   10090
   10091
   10093
   10094
   10097
   10099
   10100
   10101
   10102
   10104
   10105
   10110
   10112
   10115
   10118
   10119
   10122
   10123
   10124
   10127
   10129
   10131
   10133
   10135
   10138
   10139
   10140
   10141
   10142
   10144
   10145
   10146
   10151
   10153
   10154
   10156
   10157
   10160
   10161
   10162
   10165
   10167
   10168
   10169
   10170
   10171
   10174
   10175
   10176
   10182
   10184
   10186
   10187
   10189
   10190
   10191
   10194
   10197
   10198
   10199
   10202
   10203
   10205
   10207
   10209
   10210
   10211
   10212
   10214
   10215
   10216
   10218
   10219
   10220
   10221
   10224
   10228
   10236
   10237
   10238
   10239
   10240
   10244
   10245
   10246
   10252
   10253
   10256
   10260
   10261
   10264
   10265
   10266
   10267
   10268
   10269
   10272
   10273
   10274
   10275
   10279
   10280
   10282
   10283
   10284
   10286
   10287
   10289
   10290
   10291
   10295
   10297
   10298
   10300
   10302
   10309
   10310
   10314
   10315
   10317
   10323
   10327
   10331
   10333
   10334
   10340
   10342
   10344
   10345
   10346
   10349
   10352
   10353
   10355
   10360
   10361
   10365
   10369
   10377
   10378
   10381
   10382
   10383
   10384
   10385
   10386
   10393
   10394
   10395
   10398
   10401
   10404
   10405
   10406
   10411
   10412
   10417
   10421
   10422
   10427
   10430
   10431
   10434
   10439
   10441
   10444
   10451
   10452
   10453
   10459
   10460
   10461
   10462
   10463
   10464
   10465
   10466
   10467
   10469
   10473
   10474
   10475
   10476
   10479
   10480
   10481
   10489
   10490
   10494
   10495
   10498
   10499
   10500
   10502
   10506
   10507
   10508
   10509
   10511
   10514
   10517
   10518
   10520
   10523
   10524
   10525
   10526
   10527
   10531
   10532
   10534
   10535
   10537
   10541
   10544
   10545
   10546
   10550
   10552
   10555
   10556
   10558
   10560
   10562
   10565
   10566
   10571
   10572
   10575
   10576
   10578
   10579
   10581
   10582
   10583
   10585
   10587
   10588
   10590
   10591
   10592
   10594
   10595
   10596
   10598
   10604
   10610
   10615
   10616
   10617
   10618
   10619
   10621
   10623
   10625
   10628
   10630
   10631
   10632
   10635
   10636
   10638
   10639
   10642
   10644
   10645
   10646
   10647
   10651
   10652
   10657
   10658
   10663
   10664
   10670
   10674
   10675
   10677
   10678
   10680
   10681
   10682
   10684
   10685
   10686
   10688
   10691
   10693
   10694
   10695
   10696
   10697
   10698
   10700
   10702
   10706
   10707
   10711
   10713
   10722
   10724
   10726
   10729
   10730
   10732
   10734
   10735
   10738
   10739
   10743
   10745
   10748
   10751
   10759
   10761
   10763
   10764
   10767
   10770
   10771
   10772
   10776
   10778
   10782
   10784
   10785
   10787
   10789
   10790
   10793
   10795
   10796
   10798
   10799
   10800
   10805
   10807
   10811
   10816
   10817
   10819
   10821
   10822
   10823
   10824
   10828
   10830
   10836
   10837
   10838
   10839
   10842
   10845
   10847
   10848
   10849
   10852
   10853
   10854
   10855
   10856
   10857
   10858
   10859
   10860
   10861
   10862
   10863
   10865
   10866
   10867
   10868
   10869
   10870
   10871
   10872
   10873
   10874
   10875
   10876
   10878
   10879
   10880
   10881
   10882
   10884
   10885
   10886
   10887
   10888
   10889
   10890
   10891
   10892
   10894
   10895
   10896
   10897
   10899
   10900
   10901
   10902
   10903
   10904
   10905
   10906
   10907
   10908
   10909
   10911
   10912
   10914
   10915
   10916
   10917
   10918
   10919
   10920
   10921
   10922
   10923
   10924
   10925
   10926
   10927
   10928
   10929
   10930
   10931
   10932
   10934
   10935
   10936
   10937
   10940
   10941
   10942
   10943
   10945
   10946
   10947
   10948
   10949
   10950
   10951
   10952
   10953
   10955
   10956
   10957
   10958
   10959
   10960
   10961
   10962
   10963
   10964
   10965
   10966
   10967
   10968
   10969
   10970
   10972
   10973
   10974
   10975
   10976
   10977
   10979
   10980
   10981
   10982
   10983
   10984
   10985
   10989
   10990
   10992
   10994
   10998
   10999
   11003
   11009
   11023
   11041
   11047
   11049
   11050
   11051
   11052
   11053
   11054
   11055
   11056
   11057
   11058
   11059
   11060
   11061
   11062
   11064
   11065
   11066
   11068
   11069
   11070
   11071
   11072
   11073
   11074
   11075
   11076
   11077
   11078
   11079
   11080
   11081
   11083
   11084
   11085
   11086
   11087
   11088
   11089
   11090
   11091
   11092
   11093
   11094
   11095
   11096
   11097
   11098
   11100
   11101
   11102
   11103
   11104
   11113
   11122
   11123
   11124
   11125
   11126
   11127
   11128
   11129
   11130
   11131
   11132
   11133
   11134
   11135
   11136
   11137
   11138
   11139
   11140
   11141
   11142
   11143
   11144
   11146
   11147
   11148
   11149
   11150
   11151
   11152
   11153
   11154
   11155
   11156
   11157
   11158
   11159
   11160
   11161
   11162
   11163
   11164
   11165
   11166
   11167
   11168
   11169
   11170
   11171
   11172
   11173
   11174
   11176
   11181
   11182
   11183
   11184
   11185
   11186
   11187
   11193
   11194
   11195
   11196
   11197
   11198
   11199
   11200
   11201
   11203
   11204
   11205
   11206
   11207
   11210
   11211
   11212
   11213
   11216
   11217
   11218
   11219
   11220
   11222
   11223
   11224
   11230
   11232
   11235
   11237
   11239
   11242
   11246
   11247
   11249
   11250
   11252
   11257
   11258
   11260
   11261
   11266
   11267
   11268
   11269
   11272
   11273
   11274
   11276
   11277
   11279
   11283
   11284
   11286
   11288
   11289
   11291
   11294
   11296
   11297
   11298
   11299
   11300
   11302
   11303
   11304
   11305
   11306
   11307
   11308
   11309
   11310
   11311
   11312
   11313
   11315
   11320
   11322
   11323
   11324
   11325
   11327
   11328
   11329
   11331
   11334
   11335
   11337
   11339
   11340
   11342
   11343
   11344
   11348
   11349
   11353
   11357
   11358
   11361
   11362
   11363
   11364
   11365
   11366
   11368
   11369
   11370
   11371
   11374
   11378
   11379
   11381
   11382
   11383
   11385
   11386
   11389
   11392
   11393
   11395
   11397
   11398
   11399
   11400
   11403
   11404
   11405
   11408
   11409
   11410
   11412
   11413
   11414
   11417
   11419
   11420
   11421
   11422
   11423
   11425
   11426
   11427
   11428
   11429
   11432
   11433
   11435
   11437
   11439
   11440
   11442
   11443
   11444
   11447
   11448
   11450
   11451
   11453
   11457
   11458
   11461
   11463
   11466
   11467
   11472
   11473
   11474
   11477
   11478
   11479
   11480
   11481
   11482
   11483
   11484
   11485
   11486
   11487
   11488
   11489
   11492
   11494
   11497
   11498
   11499
   11500
   11502
   11503
   11504
   11509
   11511
   11514
   11516
   11520
   11521
   11523
   11525
   11526
   11529
   11531
   11533
   11537
   11539
   11546
   11553
   11554
   11555
   11556
   11557
   11558
   11561
   11563
   11564
   11566
   11569
   11570
   11574
   11575
   11576
   11577
   11578
   11579
   11581
   11582
   11584
   11585
   11588
   11589
   11591
   11593
   11595
   11596
   11597
   11598
   11599
   11601
   11603
   11605
   11606
   11609
   11610
   11611
   11612
   11613
   11614
   11616
   11617
   11618
   11620
   11621
   11623
   11624
   11625
   11628
   11629
   11631
   11633
   11634
   11642
   11643
   11644
   11645
   11647
   11648
   11650
   11654
   11655
   11656
   11657
   11659
   11660
   11663
   11665
   11668
   11670
   11673
   11674
   11676
   11679
   11682
   11684
   11685
   11686
   11687
   11689
   11691
   11692
   11693
   11694
   11695
   11698
   11699
   11701
   11702
   11703
   11704
   11705
   11706
   11708
   11709
   11710
   11714
   11715
   11716
   11717
   11718
   11719
   11720
   11722
   11723
   11729
   11730
   11731
   11734
   11736
   11739
   11740
   11741
   11742
   11743
   11745
   11746
   11747
   11748
   11749
   11750
   11751
   11759
   11761
   11762
   11763
   11765
   11767
   11768
   11769
   11771
   11773
   11777
   11780
   11781
   11787
   11788
   11790
   11791
   11792
   11794
   11797
   11798
   11799
   11801
   11804
   11805
   11806
   11808
   11809
   11810
   11811
   11813
   11814
   11815
   11816
   11817
   11818
   11819
   11820
   11824
   11825
   11826
   11827
   11828
   11829
   11830
   11831
   11833
   11834
   11835
   11836
   11841
   11842
   11843
   11845
   11846
   11847
   11849
   11850
   11852
   11853
   11854
   11856
   11857
   11860
   11861
   11862
   11864
   11865
   11868
   11870
   11872
   11873
   11875
   11876
   11877
   11878
   11879
   11880
   11881
   11882
   11884
   11888
   11889
   11890
   11891
   11894
   11895
   11899
   11901
   11906
   11908
   11910
   11913
   11915
   11916
   11917
   11920
   11921
   11923
   11924
   11925
   11927
   11928
   11929
   11930
   11931
   11932
   11933
   11934
   11936
   11937
   11938
   11939
   11940
   11942
   11943
   11944
   11946
   11949
   11950
   11953
   11954
   11955
   11956
   11960
   11961
   11962
   11964
   11965
   11967
   11968
   11969
   11972
   11974
   11977
   11980
   11982
   11983
   11986
   11987
   11989
   11991
   11992
   11996
   11997
   11998
   12000
   12001
   12002
   12003
   12005
   12006
   12007
   12008
   12010
   12011
   12012
   12014
   12015
   12016
   12019
   12020
   12021
   12025
   12027
   12029
   12031
   12033
   12034
   12035
   12036
   12038
   12040
   12041
   12046
   12049
   12050
   12051
   12052
   12054
   12058
   12059
   12060
   12061
   12062
   12063
   12067
   12068
   12069
   12070
   12071
   12073
   12076
   12078
   12079
   12081
   12082
   12085
   12086
   12087
   12091
   12092
   12093
   12095
   12096
   12098
   12099
   12101
   12102
   12103
   12104
   12106
   12107
   12110
   12111
   12112
   12115
   12116
   12117
   12118
   12119
   12121
   12122
   12123
   12126
   12127
   12128
   12129
   12131
   12133
   12134
   12136
   12137
   12142
   12143
   12144
   12145
   12146
   12147
   12150
   12152
   12153
   12156
   12158
   12160
   12161
   12163
   12164
   12165
   12166
   12167
   12168
   12170
   12171
   12172
   12174
   12175
   12176
   12177
   12178
   12179
   12180
   12185
   12186
   12187
   12188
   12189
   12192
   12193
   12198
   12202
   12209
   12210
   12211
   12212
   12213
   12215
   12216
   12217
   12218
   12219
   12221
   12222
   12223
   12224
   12225
   12229
   12232
   12233
   12236
   12238
   12239
   12241
   12242
   12243
   12244
   12245
   12246
   12250
   12251
   12252
   12256
   12257
   12258
   12259
   12260
   12261
   12262
   12263
   12264
   12265
   12267
   12268
   12270
   12271
   12272
   12274
   12276
   12277
   12278
   12280
   12282
   12283
   12284
   12285
   12287
   12288
   12289
   12294
   12298
   12300
   12302
   12304
   12305
   12306
   12307
   12309
   12312
   12313
   12314
   12316
   12317
   12318
   12321
   12324
   12325
   12326
   12329
   12330
   12331
   12332
   12333
   12335
   12340
   12344
   12345
   12348
   12350
   12352
   12354
   12356
   12357
   12358
   12359
   12364
   12366
   12367
   12370
   12373
   12374
   12375
   12376
   12377
   12378
   12379
   12380
   12381
   12382
   12383
   12385
   12386
   12387
   12391
   12395
   12398
   12400
   12402
   12405
   12407
   12408
   12410
   12411
   12417
   12418
   12419
   12420
   12423
   12424
   12425
   12427
   12428
   12429
   12430
   12432
   12433
   12434
   12435
   12436
   12437
   12438
   12441
   12442
   12443
   12446
   12449
   12451
   12452
   12454
   12455
   12456
   12459
   12462
   12463
   12464
   12466
   12467
   12468
   12470
   12473
   12474
   12475
   12476
   12478
   12479
   12480
   12481
   12482
   12484
   12485
   12487
   12495
   12496
   12498
   12499
   12501
   12502
   12503
   12504
   12505
   12507
   12508
   12510
   12513
   12514
   12516
   12517
   12519
   12520
   12521
   12522
   12523
   12524
   12525
   12526
   12528
   12529
   12530
   12532
   12533
   12535
   12536
   12537
   12538
   12542
   12544
   12546
   12547
   12548
   12551
   12555
   12556
   12560
   12567
   12570
   12571
   12573
   12575
   12576
   12578
   12579
   12580
   12581
   12582
   12583
   12584
   12587
   12588
   12591
   12592
   12593
   12594
   12595
   12596
   12598
   12601
   12605
   12606
   12607
   12608
   12609
   12610
   12611
   12612
   12613
   12615
   12616
   12617
   12618
   12619
   12620
   12621
   12622
   12623
   12624
   12625
   12626
   12629
   12630
   12631
   12633
   12634
   12637
   12640
   12642
   12643
   12645
   12646
   12647
   12648
   12650
   12651
   12652
   12653
   12655
   12656
   12658
   12659
   12661
   12662
   12663
   12666
   12667
   12668
   12669
   12671
   12673
   12676
   12679
   12681
   12682
   12683
   12684
   12686
   12687
   12688
   12689
   12690
   12691
   12698
   12701
   12704
   12705
   12706
   12707
   12709
   12710
   12712
   12713
   12715
   12716
   12717
   12720
   12723
   12724
   12725
   12726
   12727
   12729
   12731
   12732
   12733
   12734
   12735
   12737
   12739
   12742
   12745
   12746
   12747
   12748
   12749
   12751
   12752
   12753
   12756
   12757
   12758
   12760
   12762
   12764
   12765
   12768
   12770
   12772
   12774
   12777
   12781
   12782
   12783
   12784
   12786
   12787
   12789
   12791
   12798
   12802
   12803
   12804
   12805
   12807
   12808
   12809
   12811
   12812
   12813
   12815
   12817
   12819
   12820
   12822
   12823
   12824
   12825
   12829
   12833
   12834
   12837
   12838
   12839
   12843
   12844
   12845
   12846
   12848
   12849
   12850
   12852
   12854
   12855
   12856
   12858
   12862
   12863
   12865
   12870
   12872
   12874
   12875
   12876
   12877
   12879
   12881
   12883
   12885
   12886
   12891
   12892
   12894
   12897
   12898
   12899
   12900
   12902
   12903
   12904
   12906
   12908
   12909
   12910
   12911
   12912
   12915
   12916
   12917
   12919
   12921
   12923
   12924
   12925
   12926
   12927
   12929
   12931
   12934
   12936
   12937
   12940
   12943
   12944
   12945
   12947
   12951
   12953
   12954
   12956
   12959
   12962
   12964
   12969
   12970
   12971
   12972
   12976
   12977
   12978
   12987
   12990
   12993
   12995
   12997
   13003
   13004
   13005
   13007
   13008
   13009
   13011
   13013
   13014
   13015
   13017
   13018
   13019
   13020
   13026
   13027
   13030
   13031
   13032
   13033
   13035
   13038
   13039
   13040
   13041
   13042
   13043
   13044
   13045
   13046
   13048
   13049
   13050
   13053
   13054
   13055
   13056
   13058
   13060
   13061
   13062
   13065
   13066
   13067
   13068
   13069
   13071
   13072
   13074
   13075
   13076
   13078
   13081
   13082
   13083
   13084
   13089
   13090
   13091
   13093
   13094
   13095
   13096
   13097
   13099
   13100
   13103
   13105
   13106
   13108
   13109
   13110
   13113
   13115
   13116
   13117
   13118
   13119
   13121
   13123
   13124
   13125
   13126
   13127
   13128
   13131
   13133
   13134
   13137
   13138
   13140
   13141
   13142
   13144
   13145
   13147
   13149
   13150
   13151
   13153
   13154
   13155
   13157
   13158
   13159
   13160
   13162
   13163
   13164
   13165
   13168
   13169
   13170
   13171
   13172
   13173
   13174
   13175
   13176
   13177
   13178
   13180
   13181
   13182
   13183
   13185
   13186
   13190
   13191
   13192
   13194
   13195
   13196
   13197
   13198
   13200
   13201
   13202
   13203
   13204
   13205
   13206
   13207
   13208
   13209
   13211
   13212
   13213
   13217
   13218
   13220
   13221
   13222
   13223
   13224
   13229
   13234
   13236
   13238
   13239
   13240
   13242
   13247
   13248
   13250
   13251
   13252
   13255
   13256
   13261
   13262
   13263
   13266
   13267
   13270
   13271
   13273
   13274
   13276
   13277
   13278
   13279
   13280
   13282
   13283
   13285
   13288
   13289
   13290
   13291
   13293
   13296
   13298
   13300
   13302
   13304
   13305
   13306
   13307
   13308
   13309
   13310
   13311
   13314
   13316
   13317
   13321
   13322
   13323
   13325
   13326
   13327
   13328
   13329
   13330
   13332
   13333
   13334
   13335
   13336
   13338
   13339
   13340
   13341
   13342
   13343
   13344
   13345
   13346
   13347
   13348
   13349
   13350
   13351
   13352
   13356
   13357
   13358
   13361
   13364
   13367
   13368
   13373
   13374
   13375
   13376
   13378
   13379
   13380
   13381
   13382
   13383
   13385
   13386
   13390
   13392
   13394
   13395
   13396
   13397
   13398
   13399
   13401
   13402
   13403
   13404
   13408
   13409
   13410
   13411
   13412
   13414
   13416
   13417
   13418
   13420
   13422
   13424
   13429
   13432
   13434
   13435
   13436
   13437
   13441
   13443
   13446
   13447
   13450
   13451
   13453
   13458
   13459
   13460
   13461
   13462
   13463
   13464
   13465
   13466
   13467
   13470
   13471
   13472
   13474
   13475
   13477
   13478
   13479
   13481
   13483
   13485
   13487
   13489
   13490
   13494
   13495
   13496
   13497
   13500
   13501
   13503
   13505
   13506
   13507
   13512
   13514
   13515
   13516
   13517
   13518
   13519
   13520
   13523
   13524
   13525
   13526
   13529
   13530
   13531
   13532
   13533
   13534
   13537
   13538
   13540
   13541
   13542
   13543
   13546
   13547
   13548
   13551
   13553
   13554
   13555
   13556
   13558
   13559
   13560
   13561
   13562
   13563
   13564
   13571
   13572
   13574
   13575
   13579
   13584
   13588
   13590
   13592
   13595
   13596
   13598
   13599
   13603
   13604
   13605
   13608
   13615
   13616
   13617
   13619
   13622
   13623
   13625
   13631
   13632
   13634
   13636
   13638
   13641
   13642
   13645
   13646
   13647
   13648
   13654
   13656
   13657
   13664
   13665
   13667
   13668
   13669
   13672
   13673
   13674
   13676
   13679
   13680
   13681
   13682
   13683
   13684
   13685
   13686
   13689
   13690
   13691
   13692
   13693
   13694
   13695
   13696
   13697
   13698
   13700
   13701
   13702
   13703
   13705
   13706
   13707
   13708
   13711
   13712
   13716
   13717
   13719
   13721
   13725
   13727
   13729
   13730
   13731
   13732
   13735
   13737
   13738
   13739
   13742
   13743
   13746
   13747
   13750
   13751
   13753
   13754
   13755
   13757
   13761
   13765
   13766
   13767
   13769
   13770
   13771
   13772
   13774
   13775
   13777
   13778
   13779
   13781
   13783
   13784
   13785
   13786
   13787
   13788
   13797
   13798
   13801
   13802
   13803
   13805
   13806
   13807
   13810
   13811
   13812
   13816
   13818
   13819
   13822
   13825
   13827
   13828
   13829
   13830
   13831
   13832
   13836
   13838
   13841
   13842
   13845
   13847
   13848
   13849
   13850
   13851
   13852
   13854
   13855
   13857
   13858
   13861
   13862
   13863
   13866
   13868
   13870
   13872
   13875
   13876
   13877
   13878
   13879
   13881
   13882
   13884
   13885
   13888
   13890
   13893
   13895
   13896
   13897
   13898
   13901
   13902
   13903
   13904
   13905
   13907
   13909
   13910
   13911
   13912
   13913
   13914
   13916
   13918
   13919
   13920
   13921
   13923
   13925
   13926
   13927
   13933
   13936
   13937
   13938
   13939
   13940
   13943
   13944
   13946
   13948
   13950
   13954
   13955
   13956
   13961
   13962
   13963
   13964
   13965
   13966
   13967
   13969
   13970
   13971
   13972
   13975
   13976
   13979
   13980
   13982
   13985
   13986
   13989
   13990
   13992
   13993
   13997
   14001
   14002
   14004
   14005
   14008
   14009
   14011
   14012
   14013
   14014
   14016
   14018
   14019
   14024
   14025
   14026
   14027
   14028
   14029
   14031
   14032
   14036
   14037
   14040
   14041
   14042
   14045
   14046
   14047
   14048
   14049
   14050
   14052
   14054
   14056
   14057
   14058
   14059
   14061
   14062
   14063
   14064
   14065
   14067
   14068
   14070
   14071
   14072
   14073
   14076
   14077
   14078
   14082
   14083
   14085
   14087
   14089
   14091
   14094
   14095
   14099
   14101
   14102
   14104
   14106
   14108
   14109
   14112
   14113
   14116
   14117
   14118
   14119
   14120
   14121
   14122
   14123
   14124
   14127
   14128
   14130
   14134
   14135
   14137
   14139
   14142
   14143
   14146
   14147
   14148
   14151
   14152
   14153
   14155
   14157
   14158
   14159
   14161
   14162
   14163
   14164
   14165
   14167
   14168
   14170
   14171
   14172
   14174
   14175
   14177
   14178
   14180
   14182
   14184
   14185
   14186
   14187
   14191
   14192
   14193
   14194
   14196
   14201
   14202
   14203
   14204
   14206
   14207
   14208
   14211
   14213
   14215
   14216
   14217
   14218
   14219
   14221
   14223
   14224
   14225
   14229
   14230
   14232
   14234
   14235
   14238
   14239
   14241
   14242
   14243
   14244
   14247
   14248
   14253
   14255
   14256
   14257
   14259
   14260
   14262
   14265
   14268
   14269
   14270
   14273
   14274
   14276
   14278
   14280
   14282
   14285
   14286
   14290
   14291
   14295
   14296
   14300
   14301
   14303
   14304
   14305
   14306
   14309
   14310
   14311
   14312
   14314
   14315
   14316
   14317
   14318
   14319
   14320
   14322
   14323
   14324
   14326
   14327
   14328
   14329
   14336
   14338
   14339
   14340
   14341
   14343
   14344
   14345
   14346
   14347
   14353
   14354
   14356
   14359
   14360
   14364
   14365
   14366
   14367
   14369
   14370
   14372
   14373
   14374
   14375
   14377
   14379
   14381
   14385
   14386
   14387
   14389
   14391
   14392
   14394
   14397
   14399
   14401
   14402
   14403
   14404
   14405
   14406
   14407
   14409
   14411
   14413
   14414
   14415
   14420
   14423
   14424
   14425
   14428
   14430
   14431
   14432
   14434
   14435
   14436
   14437
   14438
   14439
   14440
   14441
   14445
   14447
   14449
   14450
   14451
   14452
   14453
   14456
   14457
   14458
   14459
   14460
   14461
   14462
   14465
   14466
   14467
   14470
   14471
   14472
   14473
   14476
   14477
   14478
   14479
   14481
   14482
   14483
   14491
   14493
   14495
   14497
   14498
   14500
   14501
   14503
   14505
   14506
   14510
   14511
   14513
   14514
   14515
   14516
   14517
   14518
   14519
   14520
   14523
   14525
   14526
   14527
   14528
   14530
   14531
   14534
   14535
   14538
   14539
   14540
   14543
   14546
   14548
   14553
   14555
   14557
   14558
   14560
   14561
   14563
   14565
   14566
   14570
   14571
   14572
   14573
   14574
   14575
   14576
   14578
   14579
   14580
   14581
   14582
   14584
   14585
   14588
   14591
   14593
   14595
   14597
   14600
   14602
   14603
   14604
   14605
   14606
   14608
   14613
   14614
   14617
   14618
   14619
   14621
   14622
   14625
   14627
   14628
   14631
   14632
   14633
   14634
   14636
   14637
   14638
   14639
   14640
   14642
   14643
   14645
   14648
   14649
   14652
   14653
   14654
   14655
   14656
   14661
   14663
   14665
   14669
   14670
   14671
   14673
   14675
   14677
   14679
   14681
   14683
   14684
   14685
   14687
   14688
   14690
   14691
   14694
   14696
   14697
   14700
   14702
   14703
   14704
   14705
   14706
   14709
   14711
   14716
   14717
   14718
   14719
   14721
   14722
   14725
   14727
   14728
   14729
   14730
   14731
   14732
   14734
   14735
   14736
   14737
   14738
   14739
   14741
   14742
   14743
   14744
   14745
   14747
   14750
   14752
   14753
   14754
   14759
   14761
   14762
   14764
   14765
   14767
   14768
   14769
   14771
   14773
   14774
   14776
   14778
   14783
   14784
   14787
   14788
   14790
   14792
   14793
   14794
   14795
   14796
   14797
   14798
   14799
   14806
   14807
   14808
   14813
   14816
   14818
   14819
   14820
   14821
   14822
   14823
   14825
   14827
   14828
   14829
   14834
   14838
   14839
   14841
   14844
   14846
   14847
   14848
   14850
   14851
   14852
   14853
   14854
   14855
   14856
   14858
   14862
   14863
   14865
   14866
   14867
   14870
   14873
   14876
   14878
   14884
   14885
   14886
   14887
   14891
   14893
   14894
   14895
   14896
   14898
   14900
   14901
   14902
   14903
   14905
   14906
   14907
   14908
   14909
   14910
   14911
   14912
   14913
   14914
   14917
   14921
   14924
   14927
   14928
   14932
   14933
   14934
   14937
   14938
   14940
   14941
   14942
   14944
   14945
   14948
   14949
   14950
   14954
   14955
   14956
   14957
   14961
   14963
   14965
   14966
   14969
   14970
   14973
   14974
   14976
   14977
   14979
   14980
   14981
   14983
   14993
   14994
   14996
   14997
   14998
   14999
   15000
   15001
   15003
   15004
   15011
   15012
   15017
   15018
   15019
   15022
   15023
   15025
   15028
   15029
   15032
   15034
   15035
   15036
   15038
   15039
   15042
   15043
   15046
   15047
   15048
   15050
   15054
   15057
   15059
   15064
   15066
   15068
   15071
   15072
   15075
   15076
   15079
   15080
   15081
   15082
   15085
   15086
   15090
   15092
   15093
   15095
   15097
   15098
   15099
   15100
   15101
   15102
   15103
   15106
   15108
   15111
   15112
   15113
   15114
