    1850
    1904
    1905
    1906
    1968
    2020
    2021
    2022
    2023
    2058
    2083
    2141
    2142
    2143
    2144
    2176
    2202
    2203
    2227
    2274
    2275
    2276
    2277
    2278
    2279
    2280
    2302
    2303
    2345
    2346
    2347
    2348
    2349
    2367
    2403
    2404
    2405
    2424
    2439
    2458
    2474
    2475
    2476
    2477
    2478
    2479
    2480
    2505
    2506
    2524
    2525
    2526
    2544
    2545
    2546
    2555
    2556
    2557
    2558
    2559
    2569
    2570
    2571
    2572
    2573
    2582
    2592
    2593
    2594
    2595
    2596
    2597
    2608
    2609
    2610
    2611
    2612
    2635
    2650
    2651
    2652
    2653
    2654
    2679
    2680
    2681
    2682
    2702
    2703
    2704
    2714
    2715
    2731
    2732
    2733
    2734
    2735
    2748
    2749
    2750
    2751
    2752
    2777
    2778
    2789
    2790
    2791
    2809
    2810
    2811
    2812
    2820
    2821
    2822
    2841
    2849
    2850
    2851
    2867
    2868
    2886
    2887
    2888
    2889
    2907
    2908
    2909
    2910
    2911
    2924
    2925
    2926
    2927
    2942
    2943
    2944
    2945
    2960
    2961
    2962
    2980
    2981
    2982
    2983
    2990
    2991
    2992
    2993
    3007
    3008
    3009
    3016
    3017
    3018
    3019
    3041
    3042
    3043
    3053
    3054
    3070
    3071
    3072
    3073
    3074
    3075
    3094
    3095
    3096
    3097
    3098
    3099
    3100
    3101
    3102
    3103
    3104
    3122
    3123
    3124
    3125
    3130
    3131
    3132
    3133
    3147
    3148
    3149
    3156
    3157
    3158
    3159
    3179
    3180
    3181
    3191
    3192
    3212
    3213
    3214
    3215
    3216
    3217
    3218
    3219
    3220
    3240
    3241
    3242
    3243
    3244
    3261
    3262
    3274
    3275
    3276
    3277
    3296
    3297
    3298
    3299
    3304
    3305
    3306
    3307
    3308
    3327
    3328
    3329
    3330
    3335
    3336
    3337
    3338
    3339
    3340
    3359
    3360
    3361
    3362
    3363
    3364
    3365
    3366
    3367
    3368
    3380
    3381
    3382
    3383
    3384
    3385
    3398
    3399
    3405
    3406
    3422
    3423
    3424
    3440
    3441
    3442
    3443
    3475
    3476
    3477
    3492
    3493
    3494
    3495
    3510
    3511
    3512
    3513
    3514
    3529
    3536
    3537
    3538
    3539
    3540
    3562
    3563
    3564
    3565
    3566
    3567
    3568
    3569
    3570
    3581
    3582
    3598
    3599
    3600
    3601
    3607
    3622
    3623
    3624
    3625
    3626
    3627
    3628
    3629
    3642
    3643
    3644
    3645
    3646
    3647
    3648
    3669
    3670
    3671
    3681
    3682
    3683
    3684
    3685
    3686
    3687
    3688
    3689
    3706
    3707
    3708
    3709
    3710
    3711
    3712
    3723
    3724
    3725
    3726
    3739
    3740
    3741
    3742
    3743
    3744
    3745
    3754
    3755
    3756
    3757
    3758
    3759
    3760
    3777
    3778
    3779
    3780
    3781
    3782
    3783
    3784
    3792
    3793
    3794
    3821
    3827
    3828
    3829
    3830
    3831
    3832
    3854
    3855
    3856
    3857
    3858
    3859
    3860
    3861
    3872
    3873
    3874
    3875
    3876
    3877
    3878
    3892
    3893
    3899
    3900
    3914
    3915
    3916
    3917
    3918
    3919
    3920
    3921
    3922
    3923
    3924
    3929
    3930
    3931
    3951
    3952
    3953
    3954
    3967
    3968
    3969
    3970
    3987
    3988
    3989
    3999
    4000
    4001
    4002
    4003
    4019
    4020
    4021
    4022
    4023
    4024
    4025
    4026
    4031
    4032
    4033
    4052
    4053
    4054
    4055
    4056
    4057
    4058
    4059
    4060
    4061
    4062
    4069
    4071
    4072
    4073
    4074
    4075
    4076
    4090
    4091
    4092
    4093
    4094
    4106
    4107
    4108
    4127
    4128
    4129
    4130
    4131
    4132
    4142
    4160
    4161
    4162
    4163
    4173
    4174
    4175
    4194
    4195
    4196
    4197
    4198
    4199
    4200
    4201
    4202
    4203
    4214
    4215
    4216
    4217
    4218
    4219
    4220
    4238
    4239
    4240
    4241
    4253
    4254
    4255
    4256
    4257
    4258
    4281
    4282
    4283
    4284
    4285
    4286
    4287
    4288
    4289
    4290
    4291
    4299
    4300
    4301
    4324
    4325
    4326
    4339
    4340
    4341
    4342
    4343
    4344
    4345
    4346
    4347
    4363
    4364
    4365
    4366
    4367
    4368
    4369
    4370
    4371
    4372
    4373
    4374
    4379
    4380
    4381
    4382
    4383
    4401
    4402
    4403
    4404
    4405
    4416
    4417
    4418
    4419
    4420
    4421
    4422
    4442
    4443
    4444
    4445
    4446
    4447
    4448
    4449
    4458
    4459
    4460
    4461
    4462
    4463
    4464
    4465
    4466
    4467
    4468
    4469
    4488
    4489
    4490
    4491
    4492
    4493
    4494
    4495
    4501
    4509
    4510
    4511
    4512
    4530
    4531
    4532
    4533
    4534
    4535
    4536
    4537
    4538
    4539
    4540
    4554
    4555
    4556
    4557
    4558
    4559
    4560
    4561
    4579
    4580
    4581
    4582
    4583
    4596
    4597
    4617
    4618
    4619
    4620
    4621
    4622
    4623
    4624
    4625
    4626
    4633
    4636
    4637
    4638
    4639
    4640
    4641
    4642
    4643
    4644
    4645
    4664
    4665
    4666
    4667
    4678
    4679
    4680
    4681
    4682
    4683
    4703
    4704
    4705
    4706
    4707
    4708
    4709
    4710
    4711
    4712
    4713
    4714
    4724
    4725
    4727
    4728
    4729
    4730
    4731
    4732
    4753
    4754
    4755
    4756
    4757
    4758
    4759
    4760
    4773
    4774
    4775
    4794
    4795
    4796
    4797
    4798
    4799
    4800
    4801
    4814
    4816
    4817
    4818
    4819
    4820
    4821
    4822
    4823
    4824
    4825
    4844
    4845
    4846
    4847
    4863
    4864
    4865
    4866
    4867
    4868
    4889
    4890
    4891
    4892
    4893
    4894
    4895
    4896
    4912
    4913
    4914
    4915
    4916
    4917
    4918
    4919
    4920
    4930
    4931
    4932
    4933
    4936
    4937
    4938
    4949
    4950
    4951
    4952
    4953
    4954
    4955
    4956
    4957
    4973
    4974
    4975
    4976
    4977
    4978
    4979
    4980
    4981
    4982
    4983
    4984
    4985
    4998
    4999
    5000
    5001
    5003
    5004
    5005
    5006
    5007
    5008
    5022
    5023
    5024
    5025
    5026
    5027
    5028
    5035
    5046
    5047
    5048
    5049
    5050
    5051
    5052
    5053
    5054
    5055
    5056
    5074
    5075
    5076
    5077
    5078
    5079
    5080
    5081
    5082
    5083
    5084
    5085
    5086
    5087
    5088
    5107
    5110
    5111
    5112
    5113
    5114
    5115
    5116
    5117
    5118
    5134
    5135
    5136
    5139
    5140
    5154
    5155
    5156
    5157
    5158
    5159
    5160
    5161
    5162
    5187
    5188
    5189
    5190
    5191
    5192
    5193
    5194
    5195
    5196
    5197
    5198
    5206
    5207
    5208
    5209
    5210
    5211
    5212
    5213
    5214
    5215
    5216
    5225
    5226
    5227
    5228
    5229
    5230
    5231
    5232
    5233
    5237
    5248
    5249
    5250
    5251
    5252
    5253
    5254
    5255
    5256
    5257
    5258
    5259
    5283
    5284
    5285
    5286
    5287
    5288
    5289
    5290
    5291
    5292
    5293
    5308
    5309
    5310
    5311
    5312
    5313
    5330
    5331
    5332
    5333
    5334
    5335
    5336
    5337
    5339
    5340
    5341
    5345
    5351
    5352
    5353
    5354
    5355
    5356
    5357
    5358
    5370
    5371
    5372
    5373
    5374
    5375
    5376
    5377
    5378
    5379
    5380
    5381
    5382
    5398
    5399
    5400
    5401
    5402
    5403
    5404
    5405
    5406
    5407
    5408
    5424
    5425
    5426
    5427
    5428
    5429
    5430
    5448
    5449
    5450
    5451
    5452
    5453
    5454
    5455
    5456
    5457
    5477
    5478
    5479
    5480
    5481
    5482
    5483
    5484
    5485
    5486
    5496
    5497
    5499
    5500
    5501
    5502
    5503
    5504
    5505
    5506
    5517
    5518
    5519
    5520
    5521
    5522
    5523
    5524
    5534
    5535
    5536
    5537
    5538
    5539
    5540
    5563
    5564
    5565
    5566
    5567
    5568
    5569
    5570
    5571
    5572
    5573
    5574
    5575
    5576
    5577
    5578
    5579
    5580
    5581
    5596
    5597
    5598
    5599
    5600
    5601
    5602
    5603
    5610
    5611
    5612
    5613
    5614
    5615
    5616
    5617
    5618
    5619
    5623
    5632
    5633
    5634
    5635
    5636
    5637
    5638
    5639
    5640
    5641
    5642
    5643
    5644
    5655
    5656
    5657
    5658
    5659
    5660
    5661
    5662
    5663
    5675
    5676
    5677
    5678
    5679
    5680
    5681
    5682
    5683
    5684
    5685
    5686
    5687
    5688
    5689
    5690
    5691
    5705
    5706
    5707
    5708
    5709
    5710
    5711
    5712
    5713
    5714
    5715
    5717
    5719
    5720
    5721
    5722
    5723
    5738
    5739
    5740
    5741
    5742
    5743
    5744
    5745
    5746
    5747
    5748
    5749
    5750
    5751
    5752
    5753
    5772
    5773
    5774
    5775
    5776
    5777
    5778
    5779
    5780
    5781
    5782
    5783
    5796
    5797
    5798
    5799
    5800
    5801
    5802
    5803
    5804
    5815
    5816
    5817
    5818
    5819
    5820
    5821
    5822
    5823
    5824
    5825
    5826
    5827
    5828
    5830
    5841
    5842
    5843
    5844
    5845
    5846
    5847
    5848
    5849
    5850
    5863
    5864
    5865
    5866
    5867
    5868
    5869
    5870
    5871
    5872
    5873
    5874
    5875
    5876
    5877
    5878
    5896
    5897
    5898
    5899
    5900
    5901
    5902
    5903
    5912
    5913
    5914
    5915
    5916
    5917
    5918
    5919
    5920
    5921
    5922
    5923
    5924
    5925
    5931
    5932
    5933
    5934
    5935
    5936
    5937
    5938
    5939
    5940
    5941
    5942
    5943
    5944
    5945
    5960
    5961
    5962
    5963
    5964
    5965
    5977
    5978
    5979
    5980
    5981
    5982
    5983
    5984
    5985
    5986
    5987
    5988
    5989
    6003
    6004
    6005
    6006
    6007
    6008
    6009
    6010
    6011
    6012
    6013
    6014
    6016
    6017
    6020
    6030
    6031
    6032
    6033
    6034
    6035
    6036
    6037
    6038
    6039
    6040
    6056
    6057
    6058
    6059
    6060
    6061
    6062
    6063
    6064
    6065
    6066
    6084
    6085
    6086
    6087
    6088
    6089
    6090
    6091
    6092
    6093
    6094
    6095
    6101
    6102
    6103
    6104
    6105
    6106
    6107
    6108
    6109
    6121
    6122
    6123
    6124
    6125
    6126
    6127
    6128
    6129
    6130
    6131
    6132
    6147
    6148
    6149
    6150
    6151
    6152
    6153
    6154
    6155
    6156
    6157
    6158
    6159
    6173
    6174
    6175
    6176
    6177
    6178
    6179
    6180
    6181
    6182
    6183
    6184
    6185
    6186
    6187
    6188
    6189
    6198
    6199
    6200
    6201
    6202
    6203
    6204
    6205
    6206
    6207
    6208
    6209
    6223
    6224
    6225
    6226
    6227
    6228
    6229
    6230
    6231
    6232
    6233
    6234
    6235
    6245
    6246
    6247
    6248
    6249
    6250
    6251
    6252
    6253
    6265
    6266
    6267
    6269
    6270
    6271
    6272
    6273
    6274
    6275
    6288
    6289
    6290
    6291
    6292
    6293
    6294
    6295
    6296
    6297
    6299
    6300
    6301
    6302
    6303
    6317
    6318
    6319
    6320
    6321
    6322
    6323
    6324
    6325
    6326
    6327
    6343
    6344
    6345
    6346
    6347
    6348
    6349
    6350
    6351
    6352
    6353
    6366
    6367
    6368
    6369
    6370
    6371
    6372
    6373
    6374
    6375
    6376
    6377
    6378
    6379
    6380
    6392
    6393
    6394
    6395
    6396
    6397
    6398
    6399
    6401
    6402
    6403
    6404
    6405
    6406
    6407
    6408
    6411
    6421
    6422
    6423
    6424
    6425
    6426
    6427
    6428
    6429
    6430
    6431
    6432
    6433
    6434
    6435
    6453
    6454
    6455
    6456
    6457
    6458
    6459
    6460
    6461
    6476
    6477
    6478
    6479
    6480
    6481
    6482
    6483
    6493
    6494
    6495
    6496
    6497
    6498
    6499
    6500
    6501
    6502
    6503
    6504
    6505
    6516
    6517
    6518
    6519
    6520
    6521
    6522
    6523
    6524
    6538
    6539
    6540
    6541
    6542
    6543
    6544
    6545
    6559
    6560
    6562
    6563
    6564
    6565
    6566
    6567
    6568
    6569
    6570
    6571
    6572
    6573
    6574
    6575
    6576
    6584
    6585
    6586
    6587
    6588
    6589
    6590
    6591
    6592
    6593
    6594
    6596
    6597
    6598
    6599
    6600
    6603
    6611
    6612
    6613
    6614
    6615
    6616
    6617
    6618
    6619
    6620
    6621
    6622
    6623
    6624
    6625
    6633
    6634
    6635
    6636
    6637
    6638
    6639
    6640
    6641
    6642
    6643
    6644
    6645
    6646
    6647
    6648
    6649
    6662
    6663
    6664
    6665
    6666
    6667
    6668
    6670
    6671
    6672
    6673
    6674
    6675
    6683
    6684
    6685
    6686
    6687
    6688
    6689
    6690
    6691
    6692
    6693
    6694
    6695
    6696
    6711
    6712
    6713
    6714
    6715
    6716
    6717
    6718
    6719
    6720
    6721
    6722
    6729
    6730
    6731
    6732
    6733
    6734
    6735
    6736
    6737
    6738
    6739
    6750
    6751
    6752
    6753
    6754
    6755
    6756
    6757
    6758
    6759
    6760
    6761
    6762
    6763
    6764
    6765
    6772
    6773
    6774
    6775
    6776
    6777
    6778
    6779
    6780
    6781
    6783
    6784
    6794
    6795
    6796
    6797
    6798
    6799
    6800
    6801
    6802
    6803
    6818
    6819
    6820
    6821
    6822
    6823
    6824
    6825
    6826
    6827
    6828
    6840
    6841
    6842
    6844
    6845
    6846
    6847
    6848
    6858
    6859
    6860
    6861
    6862
    6863
    6864
    6865
    6866
    6877
    6878
    6879
    6880
    6881
    6882
    6883
    6884
    6885
    6886
    6887
    6888
    6889
    6890
    6891
    6892
    6893
    6894
    6899
    6900
    6901
    6902
    6903
    6904
    6919
    6920
    6921
    6922
    6923
    6924
    6925
    6926
    6935
    6936
    6937
    6938
    6939
    6940
    6941
    6942
    6943
    6945
    6946
    6947
    6948
    6949
    6958
    6959
    6960
    6961
    6962
    6963
    6964
    6965
    6966
    6967
    6968
    6969
    6981
    6982
    6983
    6984
    6985
    6986
    6987
    6988
    6989
    6990
    6991
    6992
    6993
    7003
    7004
    7005
    7007
    7008
    7009
    7010
    7011
    7012
    7021
    7022
    7023
    7024
    7025
    7026
    7027
    7028
    7029
    7030
    7031
    7044
    7045
    7046
    7047
    7048
    7049
    7050
    7051
    7052
    7053
    7054
    7069
    7070
    7071
    7072
    7073
    7074
    7075
    7076
    7077
    7078
    7079
    7080
    7081
    7082
    7083
    7084
    7085
    7086
    7087
    7097
    7098
    7099
    7100
    7101
    7102
    7103
    7104
    7105
    7106
    7107
    7108
    7109
    7110
    7111
    7112
    7113
    7114
    7122
    7123
    7124
    7125
    7126
    7127
    7129
    7130
    7131
    7132
    7133
    7146
    7147
    7148
    7149
    7150
    7151
    7152
    7159
    7160
    7161
    7162
    7163
    7164
    7165
    7166
    7167
    7168
    7169
    7170
    7171
    7172
    7173
    7180
    7181
    7182
    7183
    7184
    7185
    7186
    7187
    7188
    7189
    7190
    7191
    7192
    7193
    7194
    7195
    7203
    7204
    7205
    7206
    7207
    7208
    7209
    7210
    7211
    7212
    7213
    7214
    7215
    7223
    7224
    7225
    7226
    7227
    7228
    7229
    7238
    7239
    7240
    7241
    7242
    7243
    7244
    7245
    7246
    7247
    7248
    7249
    7250
    7262
    7263
    7264
    7266
    7267
    7268
    7269
    7270
    7271
    7279
    7280
    7281
    7282
    7283
    7284
    7285
    7286
    7287
    7288
    7289
    7291
    7292
    7293
    7294
    7306
    7307
    7308
    7309
    7310
    7311
    7312
    7313
    7314
    7315
    7328
    7329
    7330
    7331
    7332
    7333
    7334
    7335
    7336
    7337
    7342
    7343
    7344
    7345
    7346
    7348
    7349
    7350
    7351
    7352
    7353
    7354
    7355
    7356
    7362
    7363
    7364
    7365
    7366
    7367
    7368
    7369
    7370
    7371
    7372
    7373
    7375
    7376
    7378
    7379
    7380
    7381
    7382
    7383
    7384
    7387
    7391
    7392
    7393
    7394
    7395
    7396
    7397
    7398
    7399
    7400
    7401
    7402
    7409
    7410
    7411
    7412
    7413
    7414
    7415
    7416
    7417
    7418
    7419
    7420
    7432
    7433
    7434
    7435
    7436
    7437
    7438
    7439
    7440
    7450
    7451
    7452
    7453
    7454
    7455
    7456
    7457
    7458
    7469
    7470
    7471
    7472
    7473
    7474
    7475
    7476
    7485
    7486
    7487
    7488
    7489
    7490
    7491
    7492
    7493
    7494
    7495
    7501
    7502
    7503
    7504
    7505
    7506
    7507
    7508
    7509
    7510
    7511
    7512
    7513
    7520
    7521
    7522
    7523
    7524
    7525
    7526
    7527
    7528
    7529
    7530
    7531
    7532
    7534
    7535
    7536
    7537
    7546
    7547
    7548
    7549
    7550
    7551
    7552
    7553
    7554
    7555
    7556
    7557
    7558
    7559
    7560
    7561
    7562
    7568
    7569
    7570
    7571
    7572
    7573
    7574
    7575
    7576
    7577
    7578
    7579
    7580
    7581
    7582
    7590
    7591
    7592
    7593
    7594
    7595
    7596
    7597
    7605
    7606
    7607
    7608
    7609
    7610
    7611
    7612
    7613
    7614
    7615
    7616
    7618
    7619
    7625
    7626
    7627
    7628
    7629
    7630
    7631
    7632
    7633
    7634
    7635
    7643
    7644
    7645
    7646
    7647
    7648
    7649
    7650
    7651
    7657
    7658
    7659
    7660
    7661
    7662
    7663
    7664
    7665
    7666
    7668
    7669
    7670
    7671
    7677
    7678
    7679
    7680
    7681
    7682
    7683
    7684
    7685
    7686
    7687
    7698
    7699
    7700
    7701
    7702
    7703
    7704
    7705
    7706
    7707
    7714
    7715
    7716
    7717
    7718
    7719
    7720
    7721
    7722
    7723
    7724
    7725
    7726
    7727
    7738
    7739
    7740
    7741
    7742
    7743
    7744
    7745
    7746
    7747
    7748
    7749
    7759
    7760
    7761
    7762
    7763
    7764
    7765
    7766
    7767
    7768
    7769
    7770
    7771
    7772
    7779
    7780
    7781
    7782
    7783
    7784
    7785
    7786
    7787
    7788
    7795
    7796
    7797
    7798
    7799
    7800
    7801
    7802
    7803
    7809
    7810
    7811
    7812
    7813
    7814
    7815
    7816
    7817
    7818
    7819
    7820
    7821
    7822
    7832
    7833
    7834
    7835
    7836
    7837
    7838
    7839
    7841
    7842
    7843
    7848
    7849
    7850
    7851
    7852
    7853
    7854
    7855
    7856
    7863
    7864
    7870
    7871
    7872
    7873
    7874
    7876
    7877
    7878
    7883
    7884
    7885
    7886
    7887
    7888
    7889
    7890
    7891
    7892
    7893
    7894
    7895
    7902
    7903
    7904
    7905
    7906
    7907
    7908
    7909
    7910
    7911
    7912
    7913
    7914
    7915
    7916
    7917
    7918
    7926
    7927
    7928
    7929
    7930
    7931
    7932
    7933
    7934
    7935
    7936
    7937
    7938
    7939
    7940
    7941
    7942
    7943
    7944
    7945
    7946
    7952
    7953
    7954
    7955
    7957
    7958
    7959
    7960
    7961
    7962
    7970
    7971
    7972
    7973
    7974
    7975
    7976
    7977
    7979
    7980
    7981
    7982
    7990
    7991
    7992
    7993
    7994
    7995
    7996
    7997
    7998
    8006
    8007
    8008
    8009
    8010
    8011
    8012
    8013
    8014
    8015
    8016
    8017
    8018
    8028
    8029
    8030
    8032
    8033
    8034
    8035
    8036
    8037
    8038
    8039
    8050
    8051
    8052
    8053
    8054
    8055
    8056
    8059
    8060
    8061
    8062
    8063
    8064
    8065
    8066
    8067
    8068
    8069
    8076
    8077
    8078
    8079
    8080
    8081
    8087
    8088
    8089
    8090
    8091
    8098
    8099
    8100
    8101
    8102
    8103
    8104
    8105
    8106
    8110
    8118
    8119
    8120
    8121
    8122
    8123
    8124
    8131
    8132
    8133
    8134
    8135
    8136
    8137
    8138
    8139
    8144
    8145
    8146
    8147
    8148
    8149
    8150
    8151
    8152
    8153
    8154
    8155
    8156
    8157
    8158
    8159
    8166
    8167
    8168
    8169
    8170
    8171
    8172
    8173
    8174
    8175
    8176
    8177
    8178
    8179
    8181
    8182
    8183
    8184
    8185
    8186
    8189
    8190
    8191
    8192
    8193
    8194
    8195
    8196
    8197
    8198
    8199
    8200
    8201
    8202
    8210
    8211
    8212
    8213
    8214
    8215
    8216
    8222
    8223
    8224
    8225
    8226
    8227
    8228
    8229
    8230
    8231
    8232
    8233
    8234
    8235
    8236
    8237
    8238
    8239
    8243
    8244
    8245
    8246
    8247
    8248
    8250
    8251
    8252
    8258
    8259
    8260
    8261
    8262
    8263
    8264
    8265
    8266
    8267
    8268
    8269
    8270
    8280
    8281
    8282
    8283
    8284
    8285
    8286
    8287
    8288
    8289
    8290
    8298
    8300
    8301
    8305
    8306
    8307
    8308
    8309
    8310
    8311
    8315
    8317
    8318
    8319
    8320
    8321
    8322
    8323
    8324
    8325
    8332
    8333
    8334
    8335
    8336
    8337
    8338
    8342
    8343
    8344
    8345
    8346
    8353
    8354
    8355
    8356
    8357
    8358
    8359
    8360
    8361
    8362
    8363
    8364
    8367
    8372
    8373
    8374
    8375
    8376
    8377
    8378
    8379
    8380
    8381
    8382
    8383
    8384
    8385
    8386
    8394
    8395
    8396
    8397
    8398
    8399
    8400
    8401
    8402
    8403
    8404
    8405
    8406
    8407
    8410
    8411
    8416
    8417
    8418
    8419
    8420
    8421
    8422
    8423
    8424
    8425
    8426
    8427
    8436
    8437
    8438
    8439
    8440
    8441
    8442
    8443
    8444
    8445
    8446
    8447
    8453
    8454
    8455
    8456
    8457
    8458
    8459
    8466
    8467
    8468
    8470
    8471
    8472
    8473
    8474
    8475
    8476
    8483
    8484
    8485
    8486
    8487
    8488
    8489
    8490
    8491
    8492
    8493
    8494
    8495
    8496
    8501
    8502
    8503
    8504
    8505
    8506
    8507
    8508
    8509
    8510
    8511
    8512
    8513
    8517
    8518
    8519
    8520
    8521
    8522
    8523
    8524
    8525
    8531
    8532
    8533
    8534
    8535
    8536
    8537
    8538
    8540
    8541
    8542
    8543
    8544
    8545
    8546
    8547
    8548
    8554
    8555
    8556
    8557
    8558
    8559
    8560
    8561
    8562
    8563
    8564
    8565
    8566
    8567
    8568
    8569
    8570
    8571
    8577
    8578
    8579
    8580
    8581
    8582
    8583
    8584
    8585
    8591
    8592
    8593
    8594
    8595
    8596
    8597
    8598
    8599
    8600
    8601
    8602
    8603
    8604
    8610
    8611
    8612
    8613
    8614
    8615
    8617
    8618
    8619
    8622
    8623
    8624
    8625
    8626
    8627
    8628
    8629
    8630
    8631
    8632
    8633
    8634
    8635
    8636
    8637
    8640
    8641
    8642
    8643
    8644
    8645
    8646
    8651
    8652
    8653
    8654
    8655
    8656
    8657
    8658
    8659
    8662
    8663
    8664
    8665
    8666
    8667
    8668
    8669
    8670
    8671
    8672
    8676
    8677
    8678
    8679
    8680
    8681
    8682
    8683
    8684
    8685
    8686
    8687
    8692
    8693
    8694
    8695
    8696
    8697
    8698
    8699
    8700
    8701
    8702
    8703
    8704
    8711
    8712
    8713
    8714
    8715
    8716
    8717
    8718
    8719
    8720
    8721
    8726
    8727
    8728
    8729
    8730
    8731
    8732
    8733
    8734
    8735
    8737
    8738
    8739
    8740
    8741
    8742
    8743
    8745
    8746
    8747
    8748
    8749
    8755
    8756
    8757
    8758
    8759
    8760
    8761
    8762
    8769
    8770
    8771
    8772
    8773
    8774
    8775
    8776
    8777
    8778
    8779
    8780
    8781
    8782
    8783
    8784
    8790
    8791
    8792
    8793
    8794
    8795
    8796
    8797
    8798
    8799
    8800
    8801
    8805
    8806
    8807
    8808
    8809
    8810
    8811
    8812
    8813
    8814
    8815
    8816
    8817
    8818
    8819
    8820
    8821
    8822
    8823
    8824
    8828
    8829
    8830
    8831
    8832
    8833
    8834
    8835
    8836
    8837
    8838
    8839
    8840
    8844
    8845
    8846
    8847
    8848
    8849
    8850
    8851
    8852
    8853
    8854
    8860
    8861
    8862
    8863
    8864
    8865
    8866
    8867
    8868
    8869
    8870
    8874
    8875
    8876
    8877
    8878
    8879
    8880
    8881
    8882
    8883
    8884
    8885
    8886
    8887
    8889
    8890
    8891
    8892
    8893
    8894
    8895
    8896
    8897
    8898
    8899
    8900
    8905
    8906
    8907
    8908
    8909
    8910
    8911
    8912
    8913
    8914
    8917
    8918
    8919
    8920
    8921
    8922
    8923
    8924
    8925
    8926
    8927
    8928
    8930
    8931
    8932
    8933
    8934
    8935
    8936
    8937
    8938
    8939
    8940
    8941
    8942
    8943
    8944
    8945
    8950
    8951
    8952
    8953
    8954
    8955
    8956
    8957
    8962
    8963
    8964
    8965
    8966
    8967
    8968
    8969
    8970
    8974
    8975
    8976
    8977
    8978
    8979
    8980
    8981
    8982
    8983
    8984
    8985
    8986
    8987
    8988
    8989
    8992
    8993
    8994
    8995
    8996
    8997
    8998
    8999
    9000
    9001
    9002
    9003
    9004
    9005
    9006
    9010
    9011
    9012
    9013
    9014
    9015
    9016
    9020
    9021
    9022
    9023
    9024
    9025
    9026
    9027
    9029
    9030
    9031
    9032
    9033
    9034
    9035
    9036
    9037
    9038
    9039
    9040
    9041
    9042
    9045
    9046
    9047
    9048
    9049
    9050
    9051
    9052
    9053
    9056
    9057
    9058
    9059
    9060
    9061
    9062
    9063
    9064
    9066
    9067
    9068
    9069
    9070
    9071
    9072
    9073
    9074
    9075
    9076
    9080
    9081
    9082
    9083
    9084
    9085
    9086
    9087
    9088
    9089
    9090
    9091
    9092
    9093
    9094
    9095
    9096
    9097
    9098
    9099
    9101
    9102
    9103
    9104
    9105
    9106
    9107
    9108
    9109
    9110
    9111
    9112
    9113
    9114
    9115
    9116
    9117
    9118
    9119
    9124
    9125
    9126
    9127
    9128
    9129
    9130
    9131
    9132
    9133
    9135
    9136
    9137
    9138
    9139
    9140
    9141
    9142
    9143
    9144
    9145
    9146
    9150
    9151
    9152
    9153
    9154
    9155
    9156
    9157
    9158
    9159
    9160
    9161
    9162
    9163
    9164
    9165
    9166
    9167
    9168
    9169
    9170
    9171
    9172
    9173
    9174
    9175
    9176
    9177
    9178
    9179
    9180
    9181
    9182
    9183
    9184
    9185
    9186
    9187
    9188
    9189
    9190
    9191
    9192
    9193
    9194
    9195
    9199
    9200
    9201
    9202
    9203
    9204
    9208
    9209
    9210
    9211
    9212
    9213
    9214
    9215
    9216
    9217
    9218
    9219
    9220
    9221
    9222
    9223
    9224
    9225
    9226
    9227
    9228
    9229
    9230
    9231
    9232
    9233
    9234
    9235
    9236
    9237
    9238
    9239
    9240
    9241
    9242
    9243
    9246
    9247
    9248
    9249
    9250
    9251
    9253
    9254
    9255
    9256
    9257
    9258
    9259
    9260
    9261
    9265
    9266
    9267
    9268
    9269
    9270
    9271
    9272
    9273
    9274
    9275
    9276
    9277
    9278
    9279
    9280
    9281
    9282
    9283
    9284
    9285
    9286
    9287
    9288
    9289
    9290
    9291
    9292
    9293
    9294
    9295
    9296
    9297
    9298
    9299
    9300
    9301
    9302
    9303
    9304
    9305
    9306
    9307
    9308
    9309
    9310
    9311
    9312
    9313
    9314
    9315
    9316
    9318
    9319
    9320
    9321
    9322
    9323
    9324
    9325
    9326
    9327
    9328
    9329
    9330
    9331
    9332
    9333
    9334
    9335
    9336
    9337
    9338
    9339
    9340
    9341
    9342
    9343
    9344
    9345
    9346
    9347
    9348
    9349
    9350
    9351
    9352
    9353
    9354
    9355
    9356
    9357
    9358
    9359
    9360
    9361
    9362
    9363
    9364
    9365
    9366
    9367
    9368
    9369
    9370
    9371
    9372
    9373
    9374
    9375
    9376
    9377
    9378
    9379
    9380
    9381
    9382
    9383
    9384
    9385
    9386
    9387
    9388
    9389
    9390
    9391
    9392
    9393
    9394
    9395
    9396
    9397
    9398
    9399
    9400
    9401
    9402
    9403
    9404
    9405
    9406
    9407
    9408
    9409
    9410
    9411
    9412
    9413
    9414
    9415
    9416
    9417
    9418
    9419
    9420
    9421
    9422
    9423
    9424
    9425
    9426
    9427
    9428
    9429
    9430
    9431
    9432
    9433
    9434
    9435
    9436
    9437
    9438
    9439
    9440
    9441
    9442
    9443
    9444
    9445
    9446
    9447
    9448
    9449
    9450
    9451
    9452
    9453
    9454
    9455
    9456
    9457
    9458
    9459
    9460
    9461
    9462
    9463
    9464
    9465
    9466
    9467
    9468
    9469
    9470
    9471
    9472
    9473
    9474
    9475
    9476
    9477
    9478
    9479
    9480
    9481
    9482
    9483
    9484
    9485
    9486
    9487
    9488
    9489
    9490
    9491
    9492
    9493
    9494
    9495
    9496
    9497
    9498
    9499
    9500
    9501
    9502
    9503
    9504
    9505
    9506
    9507
    9508
    9509
    9510
    9511
    9512
    9513
    9514
    9515
    9516
    9517
    9518
    9519
    9520
    9521
    9522
    9523
    9524
    9525
    9526
    9527
    9528
    9529
    9530
    9531
    9532
    9533
    9534
    9535
    9536
    9537
    9538
    9539
    9540
    9541
    9542
    9543
    9544
    9545
    9546
    9547
    9548
    9549
    9550
    9551
    9552
    9553
    9554
    9555
    9556
    9557
    9558
    9559
    9560
    9561
    9562
    9563
    9564
    9565
    9566
    9567
    9568
    9569
    9570
    9571
    9572
    9573
    9574
    9575
    9576
    9577
    9578
    9579
    9580
    9581
    9582
    9583
    9584
    9585
    9586
    9587
    9588
    9589
    9590
    9591
    9592
    9593
    9594
    9595
    9596
    9597
    9598
    9599
    9600
    9601
    9602
    9603
    9604
    9605
    9606
    9607
    9608
    9609
    9610
    9611
    9612
    9613
    9614
    9615
    9616
    9617
    9618
    9619
    9620
    9621
    9622
    9623
    9624
    9625
    9626
    9627
    9628
    9629
    9630
    9631
    9632
    9633
    9634
    9635
    9636
    9637
    9638
    9639
    9640
    9641
    9642
    9643
    9644
    9645
    9646
    9647
    9648
    9649
    9650
    9651
    9652
    9653
    9654
    9655
    9656
    9657
    9658
    9659
    9660
    9661
    9662
    9663
    9664
    9665
    9666
    9667
    9668
    9669
    9670
    9671
    9672
    9673
    9674
    9675
    9676
    9677
    9678
    9679
    9680
    9681
    9682
    9683
    9684
    9685
    9686
    9687
    9688
    9689
    9690
    9691
    9692
    9693
    9694
    9695
    9696
    9697
    9698
    9699
    9700
    9701
    9702
    9703
    9704
    9705
    9706
    9707
    9708
    9709
    9710
    9711
    9712
    9713
    9714
    9715
    9716
    9717
    9718
    9719
    9720
    9721
    9722
    9723
    9724
    9725
    9726
    9727
    9728
    9729
    9730
    9731
    9732
    9733
    9734
    9735
    9736
    9737
    9738
    9739
    9740
    9741
    9742
    9743
    9744
    9745
    9746
    9747
    9748
    9749
    9750
    9751
    9752
    9753
    9754
    9755
    9756
    9757
    9758
    9759
    9760
    9761
    9762
    9763
    9764
    9765
    9766
    9767
    9768
    9769
    9770
    9771
    9772
    9773
    9774
    9775
    9776
    9777
    9778
    9779
    9780
    9781
    9782
    9783
    9784
    9785
    9786
    9787
    9788
    9789
    9790
    9791
    9792
    9793
    9794
    9795
    9796
    9797
    9798
    9799
    9800
    9801
    9802
    9803
    9804
    9805
    9806
    9807
    9808
    9809
    9810
    9811
    9812
    9813
    9814
    9815
    9816
    9817
    9818
    9819
    9820
    9821
    9822
    9823
    9824
    9825
    9826
    9827
    9828
    9829
    9830
    9831
    9832
    9833
    9834
    9835
    9836
    9837
    9838
    9839
    9840
    9841
    9842
    9843
    9844
    9845
    9846
    9847
    9848
    9849
    9850
    9851
    9852
    9853
    9854
    9855
    9856
    9857
    9858
    9859
    9860
    9861
    9862
    9863
    9864
    9865
    9866
    9867
    9868
    9869
    9870
    9871
    9872
    9873
    9874
    9875
    9876
    9877
    9878
    9879
    9880
    9881
    9882
    9883
    9884
    9885
    9886
    9887
    9888
    9889
    9890
    9891
    9892
    9893
    9894
    9895
    9896
    9897
    9898
    9899
    9900
    9901
    9902
    9903
    9904
    9905
    9906
    9907
    9908
    9909
    9910
    9911
    9912
    9913
    9914
    9915
    9916
    9917
    9918
    9919
    9920
    9921
    9922
    9923
    9924
    9925
    9926
    9927
    9928
    9929
    9930
    9931
    9932
    9933
    9934
    9935
    9936
    9937
    9938
    9939
    9940
    9941
    9942
    9943
    9944
    9945
    9946
    9947
    9948
    9949
    9950
    9951
    9952
    9953
    9954
    9955
    9956
    9957
    9958
    9959
    9960
    9961
    9962
    9963
    9964
    9965
    9966
    9967
    9968
    9969
    9970
    9971
    9972
    9973
    9974
    9975
    9976
    9977
    9978
    9979
    9980
    9981
    9982
    9983
    9984
    9985
    9986
    9987
    9988
    9989
    9990
    9991
    9992
    9993
    9994
    9995
    9996
    9997
    9998
    9999
   10000
   10001
   10005
   10007
   10009
   10010
   10011
   10013
   10016
   10017
   10019
   10020
   10021
   10023
   10024
   10025
   10028
   10029
   10030
   10031
   10033
   10035
   10036
   10037
   10040
   10042
   10043
   10044
   10046
   10051
   10052
   10055
   10056
   10057
   10059
   10061
   10062
   10064
   10065
   10067
   10068
   10073
   10074
   10076
   10078
   10079
   10081
   10082
   10083
   10084
   10088
   10092
   10095
   10096
   10098
   10103
   10106
   10107
   10108
   10109
   10111
   10113
   10114
   10116
   10117
   10120
   10121
   10125
   10126
   10128
   10130
   10132
   10134
   10136
   10137
   10143
   10147
   10148
   10149
   10150
   10152
   10155
   10158
   10159
   10163
   10164
   10166
   10172
   10173
   10177
   10178
   10179
   10180
   10181
   10183
   10185
   10188
   10192
   10193
   10195
   10196
   10200
   10201
   10204
   10206
   10208
   10213
   10217
   10222
   10223
   10225
   10226
   10227
   10229
   10230
   10231
   10232
   10233
   10234
   10235
   10241
   10242
   10243
   10247
   10248
   10249
   10250
   10251
   10254
   10255
   10257
   10258
   10259
   10262
   10263
   10270
   10271
   10276
   10277
   10278
   10281
   10285
   10288
   10292
   10293
   10294
   10296
   10299
   10301
   10303
   10304
   10305
   10306
   10307
   10308
   10311
   10312
   10313
   10316
   10318
   10319
   10320
   10321
   10322
   10324
   10325
   10326
   10328
   10329
   10330
   10332
   10335
   10336
   10337
   10338
   10339
   10341
   10343
   10347
   10348
   10350
   10351
   10354
   10356
   10357
   10358
   10359
   10362
   10363
   10364
   10366
   10367
   10368
   10370
   10371
   10372
   10373
   10374
   10375
   10376
   10379
   10380
   10387
   10388
   10389
   10390
   10391
   10392
   10396
   10397
   10399
   10400
   10402
   10403
   10407
   10408
   10409
   10410
   10413
   10414
   10415
   10416
   10418
   10419
   10420
   10423
   10424
   10425
   10426
   10428
   10429
   10432
   10433
   10435
   10436
   10437
   10438
   10440
   10442
   10443
   10445
   10446
   10447
   10448
   10449
   10450
   10454
   10455
   10456
   10457
   10458
   10468
   10470
   10471
   10472
   10477
   10478
   10482
   10483
   10484
   10485
   10486
   10487
   10488
   10491
   10492
   10493
   10496
   10497
   10501
   10503
   10504
   10505
   10510
   10512
   10513
   10515
   10516
   10519
   10521
   10522
   10528
   10529
   10530
   10533
   10536
   10538
   10539
   10540
   10542
   10543
   10547
   10548
   10549
   10551
   10553
   10554
   10557
   10559
   10561
   10563
   10564
   10567
   10568
   10569
   10570
   10573
   10574
   10577
   10580
   10584
   10586
   10589
   10593
   10597
   10599
   10600
   10601
   10602
   10603
   10605
   10606
   10607
   10608
   10609
   10611
   10612
   10613
   10614
   10620
   10622
   10624
   10626
   10627
   10629
   10633
   10634
   10637
   10640
   10641
   10643
   10648
   10649
   10650
   10653
   10654
   10655
   10656
   10659
   10660
   10661
   10662
   10665
   10666
   10667
   10668
   10669
   10671
   10672
   10673
   10676
   10679
   10683
   10687
   10689
   10690
   10692
   10699
   10701
   10703
   10704
   10705
   10708
   10709
   10710
   10712
   10714
   10715
   10716
   10717
   10718
   10719
   10720
   10721
   10723
   10725
   10727
   10728
   10731
   10733
   10736
   10737
   10740
   10741
   10742
   10744
   10746
   10747
   10749
   10750
   10752
   10753
   10754
   10755
   10756
   10757
   10758
   10760
   10762
   10765
   10766
   10768
   10769
   10773
   10774
   10775
   10777
   10779
   10780
   10781
   10783
   10786
   10788
   10791
   10792
   10794
   10797
   10801
   10802
   10803
   10804
   10806
   10808
   10809
   10810
   10812
   10813
   10814
   10815
   10818
   10820
   10825
   10826
   10827
   10829
   10831
   10832
   10833
   10834
   10835
   10840
   10841
   10843
   10844
   10846
   10850
   10851
   10864
   10877
   10883
   10893
   10898
   10910
   10913
   10933
   10938
   10939
   10944
   10954
   10971
   10978
   10986
   10987
   10988
   10991
   10993
   10995
   10996
   10997
   11000
   11001
   11002
   11004
   11005
   11006
   11007
   11008
   11010
   11011
   11012
   11013
   11014
   11015
   11016
   11017
   11018
   11019
   11020
   11021
   11022
   11024
   11025
   11026
   11027
   11028
   11029
   11030
   11031
   11032
   11033
   11034
   11035
   11036
   11037
   11038
   11039
   11040
   11042
   11043
   11044
   11045
   11046
   11048
   11063
   11067
   11082
   11099
   11105
   11106
   11107
   11108
   11109
   11110
   11111
   11112
   11114
   11115
   11116
   11117
   11118
   11119
   11120
   11121
   11145
   11175
   11177
   11178
   11179
   11180
   11188
   11189
   11190
   11191
   11192
   11202
   11208
   11209
   11214
   11215
   11221
   11225
   11226
   11227
   11228
   11229
   11231
   11233
   11234
   11236
   11238
   11240
   11241
   11243
   11244
   11245
   11248
   11251
   11253
   11254
   11255
   11256
   11259
   11262
   11263
   11264
   11265
   11270
   11271
   11275
   11278
   11280
   11281
   11282
   11285
   11287
   11290
   11292
   11293
   11295
   11301
   11314
   11316
   11317
   11318
   11319
   11321
   11326
   11330
   11332
   11333
   11336
   11338
   11341
   11345
   11346
   11347
   11350
   11351
   11352
   11354
   11355
   11356
   11359
   11360
   11367
   11372
   11373
   11375
   11376
   11377
   11380
   11384
   11387
   11388
   11390
   11391
   11394
   11396
   11401
   11402
   11406
   11407
   11411
   11415
   11416
   11418
   11424
   11430
   11431
   11434
   11436
   11438
   11441
   11445
   11446
   11449
   11452
   11454
   11455
   11456
   11459
   11460
   11462
   11464
   11465
   11468
   11469
   11470
   11471
   11475
   11476
   11490
   11491
   11493
   11495
   11496
   11501
   11505
   11506
   11507
   11508
   11510
   11512
   11513
   11515
   11517
   11518
   11519
   11522
   11524
   11527
   11528
   11530
   11532
   11534
   11535
   11536
   11538
   11540
   11541
   11542
   11543
   11544
   11545
   11547
   11548
   11549
   11550
   11551
   11552
   11559
   11560
   11562
   11565
   11567
   11568
   11571
   11572
   11573
   11580
   11583
   11586
   11587
   11590
   11592
   11594
   11600
   11602
   11604
   11607
   11608
   11615
   11619
   11622
   11626
   11627
   11630
   11632
   11635
   11636
   11637
   11638
   11639
   11640
   11641
   11646
   11649
   11651
   11652
   11653
   11658
   11661
   11662
   11664
   11666
   11667
   11669
   11671
   11672
   11675
   11677
   11678
   11680
   11681
   11683
   11688
   11690
   11696
   11697
   11700
   11707
   11711
   11712
   11713
   11721
   11724
   11725
   11726
   11727
   11728
   11732
   11733
   11735
   11737
   11738
   11744
   11752
   11753
   11754
   11755
   11756
   11757
   11758
   11760
   11764
   11766
   11770
   11772
   11774
   11775
   11776
   11778
   11779
   11782
   11783
   11784
   11785
   11786
   11789
   11793
   11795
   11796
   11800
   11802
   11803
   11807
   11812
   11821
   11822
   11823
   11832
   11837
   11838
   11839
   11840
   11844
   11848
   11851
   11855
   11858
   11859
   11863
   11866
   11867
   11869
   11871
   11874
   11883
   11885
   11886
   11887
   11892
   11893
   11896
   11897
   11898
   11900
   11902
   11903
   11904
   11905
   11907
   11909
   11911
   11912
   11914
   11918
   11919
   11922
   11926
   11935
   11941
   11945
   11947
   11948
   11951
   11952
   11957
   11958
   11959
   11963
   11966
   11970
   11971
   11973
   11975
   11976
   11978
   11979
   11981
   11984
   11985
   11988
   11990
   11993
   11994
   11995
   11999
   12004
   12009
   12013
   12017
   12018
   12022
   12023
   12024
   12026
   12028
   12030
   12032
   12037
   12039
   12042
   12043
   12044
   12045
   12047
   12048
   12053
   12055
   12056
   12057
   12064
   12065
   12066
   12072
   12074
   12075
   12077
   12080
   12083
   12084
   12088
   12089
   12090
   12094
   12097
   12100
   12105
   12108
   12109
   12113
   12114
   12120
   12124
   12125
   12130
   12132
   12135
   12138
   12139
   12140
   12141
   12148
   12149
   12151
   12154
   12155
   12157
   12159
   12162
   12169
   12173
   12181
   12182
   12183
   12184
   12190
   12191
   12194
   12195
   12196
   12197
   12199
   12200
   12201
   12203
   12204
   12205
   12206
   12207
   12208
   12214
   12220
   12226
   12227
   12228
   12230
   12231
   12234
   12235
   12237
   12240
   12247
   12248
   12249
   12253
   12254
   12255
   12266
   12269
   12273
   12275
   12279
   12281
   12286
   12290
   12291
   12292
   12293
   12295
   12296
   12297
   12299
   12301
   12303
   12308
   12310
   12311
   12315
   12319
   12320
   12322
   12323
   12327
   12328
   12334
   12336
   12337
   12338
   12339
   12341
   12342
   12343
   12346
   12347
   12349
   12351
   12353
   12355
   12360
   12361
   12362
   12363
   12365
   12368
   12369
   12371
   12372
   12384
   12388
   12389
   12390
   12392
   12393
   12394
   12396
   12397
   12399
   12401
   12403
   12404
   12406
   12409
   12412
   12413
   12414
   12415
   12416
   12421
   12422
   12426
   12431
   12439
   12440
   12444
   12445
   12447
   12448
   12450
   12453
   12457
   12458
   12460
   12461
   12465
   12469
   12471
   12472
   12477
   12483
   12486
   12488
   12489
   12490
   12491
   12492
   12493
   12494
   12497
   12500
   12506
   12509
   12511
   12512
   12515
   12518
   12527
   12531
   12534
   12539
   12540
   12541
   12543
   12545
   12549
   12550
   12552
   12553
   12554
   12557
   12558
   12559
   12561
   12562
   12563
   12564
   12565
   12566
   12568
   12569
   12572
   12574
   12577
   12585
   12586
   12589
   12590
   12597
   12599
   12600
   12602
   12603
   12604
   12614
   12627
   12628
   12632
   12635
   12636
   12638
   12639
   12641
   12644
   12649
   12654
   12657
   12660
   12664
   12665
   12670
   12672
   12674
   12675
   12677
   12678
   12680
   12685
   12692
   12693
   12694
   12695
   12696
   12697
   12699
   12700
   12702
   12703
   12708
   12711
   12714
   12718
   12719
   12721
   12722
   12728
   12730
   12736
   12738
   12740
   12741
   12743
   12744
   12750
   12754
   12755
   12759
   12761
   12763
   12766
   12767
   12769
   12771
   12773
   12775
   12776
   12778
   12779
   12780
   12785
   12788
   12790
   12792
   12793
   12794
   12795
   12796
   12797
   12799
   12800
   12801
   12806
   12810
   12814
   12816
   12818
   12821
   12826
   12827
   12828
   12830
   12831
   12832
   12835
   12836
   12840
   12841
   12842
   12847
   12851
   12853
   12857
   12859
   12860
   12861
   12864
   12866
   12867
   12868
   12869
   12871
   12873
   12878
   12880
   12882
   12884
   12887
   12888
   12889
   12890
   12893
   12895
   12896
   12901
   12905
   12907
   12913
   12914
   12918
   12920
   12922
   12928
   12930
   12932
   12933
   12935
   12938
   12939
   12941
   12942
   12946
   12948
   12949
   12950
   12952
   12955
   12957
   12958
   12960
   12961
   12963
   12965
   12966
   12967
   12968
   12973
   12974
   12975
   12979
   12980
   12981
   12982
   12983
   12984
   12985
   12986
   12988
   12989
   12991
   12992
   12994
   12996
   12998
   12999
   13000
   13001
   13002
   13006
   13010
   13012
   13016
   13021
   13022
   13023
   13024
   13025
   13028
   13029
   13034
   13036
   13037
   13047
   13051
   13052
   13057
   13059
   13063
   13064
   13070
   13073
   13077
   13079
   13080
   13085
   13086
   13087
   13088
   13092
   13098
   13101
   13102
   13104
   13107
   13111
   13112
   13114
   13120
   13122
   13129
   13130
   13132
   13135
   13136
   13139
   13143
   13146
   13148
   13152
   13156
   13161
   13166
   13167
   13179
   13184
   13187
   13188
   13189
   13193
   13199
   13210
   13214
   13215
   13216
   13219
   13225
   13226
   13227
   13228
   13230
   13231
   13232
   13233
   13235
   13237
   13241
   13243
   13244
   13245
   13246
   13249
   13253
   13254
   13257
   13258
   13259
   13260
   13264
   13265
   13268
   13269
   13272
   13275
   13281
   13284
   13286
   13287
   13292
   13294
   13295
   13297
   13299
   13301
   13303
   13312
   13313
   13315
   13318
   13319
   13320
   13324
   13331
   13337
   13353
   13354
   13355
   13359
   13360
   13362
   13363
   13365
   13366
   13369
   13370
   13371
   13372
   13377
   13384
   13387
   13388
   13389
   13391
   13393
   13400
   13405
   13406
   13407
   13413
   13415
   13419
   13421
   13423
   13425
   13426
   13427
   13428
   13430
   13431
   13433
   13438
   13439
   13440
   13442
   13444
   13445
   13448
   13449
   13452
   13454
   13455
   13456
   13457
   13468
   13469
   13473
   13476
   13480
   13482
   13484
   13486
   13488
   13491
   13492
   13493
   13498
   13499
   13502
   13504
   13508
   13509
   13510
   13511
   13513
   13521
   13522
   13527
   13528
   13535
   13536
   13539
   13544
   13545
   13549
   13550
   13552
   13557
   13565
   13566
   13567
   13568
   13569
   13570
   13573
   13576
   13577
   13578
   13580
   13581
   13582
   13583
   13585
   13586
   13587
   13589
   13591
   13593
   13594
   13597
   13600
   13601
   13602
   13606
   13607
   13609
   13610
   13611
   13612
   13613
   13614
   13618
   13620
   13621
   13624
   13626
   13627
   13628
   13629
   13630
   13633
   13635
   13637
   13639
   13640
   13643
   13644
   13649
   13650
   13651
   13652
   13653
   13655
   13658
   13659
   13660
   13661
   13662
   13663
   13666
   13670
   13671
   13675
   13677
   13678
   13687
   13688
   13699
   13704
   13709
   13710
   13713
   13714
   13715
   13718
   13720
   13722
   13723
   13724
   13726
   13728
   13733
   13734
   13736
   13740
   13741
   13744
   13745
   13748
   13749
   13752
   13756
   13758
   13759
   13760
   13762
   13763
   13764
   13768
   13773
   13776
   13780
   13782
   13789
   13790
   13791
   13792
   13793
   13794
   13795
   13796
   13799
   13800
   13804
   13808
   13809
   13813
   13814
   13815
   13817
   13820
   13821
   13823
   13824
   13826
   13833
   13834
   13835
   13837
   13839
   13840
   13843
   13844
   13846
   13853
   13856
   13859
   13860
   13864
   13865
   13867
   13869
   13871
   13873
   13874
   13880
   13883
   13886
   13887
   13889
   13891
   13892
   13894
   13899
   13900
   13906
   13908
   13915
   13917
   13922
   13924
   13928
   13929
   13930
   13931
   13932
   13934
   13935
   13941
   13942
   13945
   13947
   13949
   13951
   13952
   13953
   13957
   13958
   13959
   13960
   13968
   13973
   13974
   13977
   13978
   13981
   13983
   13984
   13987
   13988
   13991
   13994
   13995
   13996
   13998
   13999
   14000
   14003
   14006
   14007
   14010
   14015
   14017
   14020
   14021
   14022
   14023
   14030
   14033
   14034
   14035
   14038
   14039
   14043
   14044
   14051
   14053
   14055
   14060
   14066
   14069
   14074
   14075
   14079
   14080
   14081
   14084
   14086
   14088
   14090
   14092
   14093
   14096
   14097
   14098
   14100
   14103
   14105
   14107
   14110
   14111
   14114
   14115
   14125
   14126
   14129
   14131
   14132
   14133
   14136
   14138
   14140
   14141
   14144
   14145
   14149
   14150
   14154
   14156
   14160
   14166
   14169
   14173
   14176
   14179
   14181
   14183
   14188
   14189
   14190
   14195
   14197
   14198
   14199
   14200
   14205
   14209
   14210
   14212
   14214
   14220
   14222
   14226
   14227
   14228
   14231
   14233
   14236
   14237
   14240
   14245
   14246
   14249
   14250
   14251
   14252
   14254
   14258
   14261
   14263
   14264
   14266
   14267
   14271
   14272
   14275
   14277
   14279
   14281
   14283
   14284
   14287
   14288
   14289
   14292
   14293
   14294
   14297
   14298
   14299
   14302
   14307
   14308
   14313
   14321
   14325
   14330
   14331
   14332
   14333
   14334
   14335
   14337
   14342
   14348
   14349
   14350
   14351
   14352
   14355
   14357
   14358
   14361
   14362
   14363
   14368
   14371
   14376
   14378
   14380
   14382
   14383
   14384
   14388
   14390
   14393
   14395
   14396
   14398
   14400
   14408
   14410
   14412
   14416
   14417
   14418
   14419
   14421
   14422
   14426
   14427
   14429
   14433
   14442
   14443
   14444
   14446
   14448
   14454
   14455
   14463
   14464
   14468
   14469
   14474
   14475
   14480
   14484
   14485
   14486
   14487
   14488
   14489
   14490
   14492
   14494
   14496
   14499
   14502
   14504
   14507
   14508
   14509
   14512
   14521
   14522
   14524
   14529
   14532
   14533
   14536
   14537
   14541
   14542
   14544
   14545
   14547
   14549
   14550
   14551
   14552
   14554
   14556
   14559
   14562
   14564
   14567
   14568
   14569
   14577
   14583
   14586
   14587
   14589
   14590
   14592
   14594
   14596
   14598
   14599
   14601
   14607
   14609
   14610
   14611
   14612
   14615
   14616
   14620
   14623
   14624
   14626
   14629
   14630
   14635
   14641
   14644
   14646
   14647
   14650
   14651
   14657
   14658
   14659
   14660
   14662
   14664
   14666
   14667
   14668
   14672
   14674
   14676
   14678
   14680
   14682
   14686
   14689
   14692
   14693
   14695
   14698
   14699
   14701
   14707
   14708
   14710
   14712
   14713
   14714
   14715
   14720
   14723
   14724
   14726
   14733
   14740
   14746
   14748
   14749
   14751
   14755
   14756
   14757
   14758
   14760
   14763
   14766
   14770
   14772
   14775
   14777
   14779
   14780
   14781
   14782
   14785
   14786
   14789
   14791
   14800
   14801
   14802
   14803
   14804
   14805
   14809
   14810
   14811
   14812
   14814
   14815
   14817
   14824
   14826
   14830
   14831
   14832
   14833
   14835
   14836
   14837
   14840
   14842
   14843
   14845
   14849
   14857
   14859
   14860
   14861
   14864
   14868
   14869
   14871
   14872
   14874
   14875
   14877
   14879
   14880
   14881
   14882
   14883
   14888
   14889
   14890
   14892
   14897
   14899
   14904
   14915
   14916
   14918
   14919
   14920
   14922
   14923
   14925
   14926
   14929
   14930
   14931
   14935
   14936
   14939
   14943
   14946
   14947
   14951
   14952
   14953
   14958
   14959
   14960
   14962
   14964
   14967
   14968
   14971
   14972
   14975
   14978
   14982
   14984
   14985
   14986
   14987
   14988
   14989
   14990
   14991
   14992
   14995
   15002
   15005
   15006
   15007
   15008
   15009
   15010
   15013
   15014
   15015
   15016
   15020
   15021
   15024
   15026
   15027
   15030
   15031
   15033
   15037
   15040
   15041
   15044
   15045
   15049
   15051
   15052
   15053
   15055
   15056
   15058
   15060
   15061
   15062
   15063
   15065
   15067
   15069
   15070
   15073
   15074
   15077
   15078
   15083
   15084
   15087
   15088
   15089
   15091
   15094
   15096
   15104
   15105
   15107
   15109
   15110
