%% +++++++++++++++++++ SIMULATION INFO +++++++++++++++++++++
%% Node    number:= 200
%% Element number:= 647
%% Spin period:= 15.92
%% Node Info =================================
-3.385810891282428e+02  ,  1.701343893998008e+02  ,  -3.257440018122351e+02
3.392094557403696e+02  ,  -1.703212935106862e+02  ,  3.259383635013856e+02
4.322483021684989e+02  ,  -7.927473880125822e+01  ,  2.391856194294569e+02
4.830063531823790e+02  ,  1.952264122763560e+01  ,  1.290291975487817e+02
4.865151777913973e+02  ,  1.163998874823044e+02  ,  6.251992931636522e+00
4.424313063679142e+02  ,  2.018739407034473e+02  ,  -1.171276562456951e+02
3.550698546930433e+02  ,  2.675779879428342e+02  ,  -2.290325069482758e+02
2.329825055642502e+02  ,  3.070805344693973e+02  ,  -3.185085857278142e+02
8.811992681769098e+01  ,  3.165146991529816e+02  ,  -3.767972565007031e+02
-6.533772005559106e+01  ,  2.949570764488291e+02  ,  -3.981929145901477e+02
-2.123688689463910e+02  ,  2.445178854382677e+02  ,  -3.806011952056730e+02
-1.613404622031001e+02  ,  3.684527616492979e+02  ,  -2.966206178270091e+02
3.119260014419394e+02  ,  1.779574177820585e+02  ,  -3.480349546772275e+02
4.721732720882054e+02  ,  -1.334105694600707e+02  ,  9.795160235071779e+01
-9.654626673805060e+01  ,  1.577318986028005e+02  ,  -4.643478944856999e+02
1.527501879083122e+02  ,  4.157463307398464e+02  ,  -2.319383527720706e+02
4.268114493291393e+02  ,  2.594241365890487e+02  ,  2.749507358618038e+01
4.788474516786025e+02  ,  5.086086378996589e+01  ,  -1.355844687072889e+02
4.201372697387422e+02  ,  7.515270333901208e+01  ,  2.610311446441872e+02
-1.490477039729262e+01  ,  4.023455725793093e+02  ,  -2.962322802454996e+02
4.138846510833723e+02  ,  1.279870722102353e+02  ,  -2.500124109065226e+02
4.266218567563982e+02  ,  -2.620284670882042e+01  ,  -2.598644370751530e+02
4.708349808023816e+02  ,  -1.050504327346466e+02  ,  -1.325458870690420e+02
4.996532653997247e+02  ,  -2.577444021307845e+01  ,  -8.869594691919644e-01
-2.425386461211103e+02  ,  9.784125791060563e+01  ,  -4.258503890639623e+02
3.500425226443164e+02  ,  -1.738809352983742e+01  ,  3.570159678646371e+02
4.479998507646604e+02  ,  1.645175989110012e+02  ,  1.500330399309723e+02
3.663666826345092e+02  ,  2.969023421189989e+02  ,  1.668276138593492e+02
-1.251225509259389e+02  ,  4.470135841955330e+02  ,  -1.852697135616862e+02
-2.702774979646918e+02  ,  3.818092889817023e+02  ,  -1.757732500735574e+02
3.252967192194999e+02  ,  3.778483546581105e+02  ,  3.941978212926264e+01
2.475169026597256e+02  ,  3.983953885364405e+02  ,  1.735834228080968e+02
-2.095588315612488e+02  ,  4.507060068425916e+02  ,  -5.218260924721716e+01
2.732030065420649e+02  ,  3.000026662913458e+02  ,  2.924565799348853e+02
1.413062777911018e+02  ,  3.839712644724078e+02  ,  2.875263284999057e+02
1.548965723104915e+02  ,  2.709531847131965e+02  ,  3.907862645191371e+02
1.725561129361704e+01  ,  3.360143333364733e+02  ,  3.698870949611114e+02
-5.914875392660949e+01  ,  4.930399661830474e+02  ,  -5.720544185767652e+01
-1.294118102834362e+02  ,  4.793233872176511e+02  ,  5.780909894136352e+01
1.908641284990397e+02  ,  4.599163238297126e+02  ,  4.572266466917577e+01
7.674240338630510e+00  ,  4.333526053714489e+02  ,  2.492364472440755e+02
-1.233686303388527e+02  ,  3.656344646685263e+02  ,  3.178166532738980e+02
-3.399929169332570e+02  ,  3.649408848540080e+02  ,  -3.057888423243132e+01
-3.881097228591742e+02  ,  2.713276212938005e+02  ,  -1.594567792612222e+02
2.497127282999513e+02  ,  4.230497242887091e+02  ,  -9.344573189084801e+01
2.777401013543926e+02  ,  1.701835105576095e+02  ,  3.796239389711012e+02
2.165175579345129e+01  ,  4.910915858919244e+02  ,  9.110254757532542e+01
1.124587166388955e+02  ,  4.782797407377242e+02  ,  -9.254554746408746e+01
3.987429816485728e+02  ,  -2.268772468514682e+02  ,  1.996555897747131e+02
1.383110204284821e+02  ,  1.547936193465604e+02  ,  4.550332785893132e+02
-1.044073205223287e+02  ,  2.511276490990631e+02  ,  4.195269694085881e+02
-4.372300832988905e+02  ,  2.418311939517929e+02  ,  -5.145883486015208e+00
-4.628349236904970e+02  ,  1.373715580260711e+02  ,  -1.287294914705725e+02
-2.422837878174756e+02  ,  2.658597441959199e+02  ,  3.471059847040920e+02
-4.897362515956834e+02  ,  9.435047200778342e+01  ,  3.060793732218656e+01
3.957864493572379e+02  ,  -1.790392806041431e+02  ,  -2.480562073048048e+02
-2.144569760610688e+02  ,  1.394494750120136e+02  ,  4.295167394433887e+02
-4.927872029169897e+02  ,  -1.587769285350367e+01  ,  -8.115463761004563e+01
-4.932668045187393e+02  ,  -5.406312068600131e+01  ,  5.896212537325150e+01
-4.699307395280821e+02  ,  -1.618141130532413e+02  ,  -5.201939836487637e+01
-1.214821939878005e+02  ,  2.776974327226583e+00  ,  -4.848331025528671e+02
-4.479737084675669e+02  ,  -1.984934938550310e+02  ,  9.846070288354626e+01
-4.007131883903615e+02  ,  -2.984839505440950e+02  ,  -1.173999717060386e+01
-3.577939987843166e+02  ,  -3.217547040095272e+02  ,  1.353472709996321e+02
-2.928543244077849e+02  ,  -4.046617596991230e+02  ,  1.950530632436190e+01
-2.332189046189747e+02  ,  -4.107002892819660e+02  ,  1.640005997786612e+02
-1.545497197237000e+02  ,  -4.734532135135876e+02  ,  4.423010494429028e+01
-2.030307161731291e+02  ,  -4.456654992020495e+02  ,  -1.004830540544826e+02
-5.565759968135016e+01  ,  -4.911376852722206e+02  ,  -7.568380863631185e+01
-9.755084368294720e+01  ,  -4.395870298488662e+02  ,  -2.173144198633033e+02
-8.517112707017264e+01  ,  -4.573168269316260e+02  ,  1.835066838846240e+02
-1.558375162519717e+02  ,  -3.727938526963418e+02  ,  2.945646796115695e+02
-2.371829365001715e+02  ,  -6.447424391404226e+01  ,  -4.351616497114143e+02
-1.728093610033511e+00  ,  -3.985912022359865e+02  ,  3.020828149242828e+02
-6.842614271828890e+01  ,  -2.947222166564586e+02  ,  3.981783927681179e+02
7.113397462299559e+01  ,  -4.616478710507927e+02  ,  1.788485117639135e+02
-2.169574012768687e+02  ,  -3.821362687081490e+02  ,  -2.383065732155975e+02
5.359664411144723e+01  ,  -4.619902643879394e+02  ,  -1.837841840598517e+02
1.688934169317079e+01  ,  -3.892053855330705e+02  ,  -3.134584339016722e+02
1.253837041893686e+01  ,  6.732139871682742e+01  ,  -4.951863906704266e+02
-3.853448266281258e+02  ,  -2.118451021783219e+02  ,  2.376437005395214e+02
3.297890421987433e+02  ,  -1.072039940045992e+02  ,  -3.604213928359302e+02
8.745888781680392e+01  ,  -3.031320943077637e+02  ,  3.881350176967986e+02
-4.659092119821410e+02  ,  4.640604770632103e+01  ,  1.746640160458521e+02
4.172449741101971e+02  ,  -2.723858766625209e+02  ,  4.510338374118522e+01
-1.334004137227512e+01  ,  -8.463418901114990e+01  ,  -4.925146911907444e+02
2.029917792984864e+01  ,  -1.842702145619851e+02  ,  4.645102910623873e+02
-1.343627425116784e+02  ,  -1.638491815381004e+02  ,  4.529174410303094e+02
1.623188513210123e+02  ,  -3.889173578524643e+02  ,  -2.692918956891186e+02
1.923219566720836e+02  ,  -4.446543460803871e+02  ,  -1.243964995394752e+02
-4.509544509134474e+02  ,  -1.044959351309286e+02  ,  -1.882023830759622e+02
-4.320135309407692e+01  ,  -4.193427389512625e+01  ,  4.964395567784627e+02
1.189240373121352e+02  ,  -2.916691113751556e+02  ,  -3.883811043787598e+02
-3.719746226278995e+02  ,  3.163952358864120e+02  ,  1.060968344885374e+02
3.243707665034178e+02  ,  -3.586320690247589e+02  ,  1.283056558064233e+02
-3.600747315394681e+02  ,  3.413365933157547e+01  ,  -3.447916767091879e+02
1.301274161316056e+02  ,  -1.819463703919486e+02  ,  4.473980043834680e+02
1.907665550433082e+02  ,  2.057564611270112e+02  ,  -4.138517893902476e+02
1.377210534025565e+02  ,  -3.445638175326819e+01  ,  -4.794219049574709e+02
-4.016741927236370e+02  ,  -2.490210335427992e+02  ,  -1.625079393346378e+02
-3.532573662558352e+02  ,  -1.921469370306999e+02  ,  -2.967235671925454e+02
-3.335729021382624e+02  ,  1.412859154073585e+02  ,  3.443809463856861e+02
-3.124622297530415e+02  ,  9.584687378333252e+00  ,  3.900680570356704e+02
-2.607502309975916e+01  ,  -2.962379855012585e+02  ,  -4.019004006918958e+02
2.341260962096528e+02  ,  -2.871933748516979e+02  ,  3.361114840271341e+02
3.024936773445630e+02  ,  -3.432726134617020e+02  ,  -2.021789688349181e+02
3.225132900779065e+02  ,  -3.823678295100721e+02  ,  -7.257617482997054e+00
1.033660860823390e+02  ,  -5.522248699444825e+01  ,  4.862464435712760e+02
1.867983102545299e+02  ,  -4.626813302461670e+02  ,  3.525625715278542e+01
2.721459397558756e+02  ,  -2.502609063495493e+02  ,  -3.368356985723975e+02
-2.567604872896024e+02  ,  3.607573753423402e+02  ,  2.318283185327614e+02
4.094296391098011e+02  ,  -2.674228741803431e+02  ,  -1.055415664028333e+02
-7.408340032148121e+01  ,  1.133648650021048e+02  ,  4.813374663763439e+02
-2.506662297655595e+02  ,  4.218593812239591e+02  ,  9.477872237681825e+01
2.038328070467524e+02  ,  -1.647915104492804e+02  ,  -4.258778701866636e+02
-3.920317638030977e+02  ,  1.575585331704922e+02  ,  -2.667558470963442e+02
2.449710517422332e+02  ,  7.297305940787919e+01  ,  -4.297915471867369e+02
5.119341760530403e+01  ,  2.065057053919443e+02  ,  -4.523717248605150e+02
-4.088108973046607e+02  ,  2.278762096336554e+01  ,  2.866162161679588e+02
-3.562872854376286e+02  ,  2.438388825202745e+02  ,  2.517565199364381e+02
-4.442020802828135e+02  ,  1.831518924656891e+02  ,  1.373067236667589e+02
-1.533540150484307e+02  ,  -1.181064690857597e+02  ,  -4.608355778148899e+02
-1.999024428068396e+02  ,  -2.584294989989904e+02  ,  -3.782885977226678e+02
-1.084063914257506e+02  ,  -3.661135032506559e+02  ,  -3.227171840975070e+02
1.254487694270597e+02  ,  4.512499076129392e+02  ,  1.751128303461871e+02
-4.235079286841701e+02  ,  4.095559287716084e+01  ,  -2.619901614747915e+02
-3.286365442627769e+02  ,  -3.583845790784587e+02  ,  -1.157426231390904e+02
1.434440908318832e+02  ,  -3.846593723232590e+02  ,  2.857942610358902e+02
3.600543260749862e+02  ,  3.315248853873809e+02  ,  -1.029380759195995e+02
2.570220317542351e+01  ,  2.113433153362035e+02  ,  4.524796679361977e+02
2.307246820383853e+00  ,  -4.974247049654995e+02  ,  5.164954874753136e+01
-2.074267011690598e+02  ,  -2.660553339750859e+02  ,  3.690253365529604e+02
-2.699132419564900e+02  ,  -1.285735532206807e+02  ,  4.006842261898069e+02
7.620981922360767e+01  ,  -4.898599574489015e+02  ,  -6.599856882532526e+01
-2.859465953621595e+02  ,  -3.151867851975908e+02  ,  2.623394054756063e+02
-4.520207273351355e+02  ,  -8.626568912017333e+01  ,  1.949496189149409e+02
-1.840774561920557e+02  ,  -4.025131339087423e+00  ,  4.648382316530186e+02
2.096407086757760e+02  ,  -4.237331322086612e+02  ,  1.635346610784824e+02
2.550836112988018e+02  ,  -5.044423043755479e+01  ,  4.273645073308751e+02
3.728367321159199e+02  ,  1.936302366088678e+02  ,  2.715711055706578e+02
1.100145925916729e+01  ,  4.675552528369768e+02  ,  -1.765112123405718e+02
3.432786217117248e+02  ,  3.253452114751589e+01  ,  -3.622711557071091e+02
6.779927638914742e+01  ,  -1.866353215069709e+02  ,  -4.588667461950672e+02
-3.171907151390229e+02  ,  2.641964186075971e+02  ,  -2.815789903270309e+02
-4.693269323920310e+02  ,  3.547050339969331e+01  ,  -1.677492231381165e+02
4.679651092265324e+02  ,  -1.758146865425337e+02  ,  -2.050943595506581e+01
-1.265465958728456e+02  ,  4.426404066141975e+02  ,  1.947587239446489e+02
-4.133849832827111e+02  ,  1.340385241516210e+02  ,  2.467986195373904e+02
5.232753655839525e+01  ,  6.666073140014166e+01  ,  4.928836964343315e+02
1.362171646967186e+02  ,  1.049861288260987e+02  ,  -4.694650347753798e+02
2.716571718009920e+02  ,  3.638528126235739e+02  ,  -2.094645553680946e+02
3.494450809807619e+02  ,  9.372049733553098e+01  ,  3.455049789100009e+02
1.855836618218659e+02  ,  7.905051247658855e+01  ,  4.577121595140584e+02
-3.868567301755769e+02  ,  -8.544882961841066e+01  ,  -3.045552840978356e+02
2.516492087246619e+02  ,  -5.024774913150657e+01  ,  -4.292223376456136e+02
-2.894674517125361e+02  ,  -1.531351335550110e+02  ,  -3.775333505234278e+02
-3.134017053442917e+02  ,  -3.028094514055873e+02  ,  -2.447402241197476e+02
-3.696681427712469e+02  ,  -1.076472240524418e+02  ,  3.187588487707256e+02
2.445971964681607e+02  ,  -3.758468036732554e+02  ,  2.217617941049242e+02
-6.088281226187542e+01  ,  -1.909277912047048e+02  ,  -4.579827154003767e+02
-3.109842874254177e+02  ,  -2.157712153393554e+02  ,  3.265576027160382e+02
5.389819358865739e-15  ,  1.527865340800234e-14  ,  -1.422105967807942e-14
-1.687603632398429e+02  ,  -1.302995562397979e+02  ,  1.357484821730198e+02
6.358126023363553e+01  ,  9.119291168958560e+01  ,  -2.273689485518299e+02
9.188211536066621e+01  ,  2.081508307341332e+02  ,  1.118129105075897e+02
7.922694147141448e+01  ,  -1.656907228224273e+02  ,  1.751853109093775e+02
-6.143679736128338e+01  ,  -2.373633226078495e+02  ,  -6.799865900361378e+01
-2.149886218243016e+02  ,  1.069624778963493e+02  ,  1.087159023414120e+02
2.426982050265947e+02  ,  6.355243470290924e+01  ,  -4.241523898333399e+01
-2.140262205876452e+02  ,  -4.476524970737165e+01  ,  -1.252937650875428e+02
-7.915874719131924e+01  ,  2.274927295684695e+02  ,  -7.152174385609163e+01
1.404888821294645e+02  ,  -1.289426093898156e+02  ,  -1.534733600689473e+02
-2.527202132350119e+01  ,  4.321809622343104e+01  ,  2.510778104116919e+02
2.365558141325050e+02  ,  -5.265795209589228e+00  ,  1.676306427147235e+02
1.391140471411265e+02  ,  2.412908701791090e+02  ,  -9.681222537489838e+01
-4.834010821014360e+01  ,  -9.498843288859968e+01  ,  -2.606594788290260e+02
-1.419412391114536e+02  ,  1.159037500162585e+02  ,  -2.343245577406057e+02
2.678811395326692e+02  ,  -1.347512635965467e+02  ,  8.738552872774967e+00
-2.624993724031247e+02  ,  1.412722542261081e+02  ,  -7.992094083611769e+01
-8.306409586485128e+01  ,  2.201841204382563e+02  ,  1.954687106256249e+02
-3.058553125211553e+02  ,  -4.329467071077108e+01  ,  3.957068874998345e+01
-2.386266940750088e+02  ,  -2.068739896006356e+02  ,  -1.908508081598724e+01
1.292611010264656e+02  ,  -2.777608000497826e+02  ,  -1.875130863120069e+01
-5.767554137412544e+01  ,  -2.824746127772376e+02  ,  1.159568698464096e+02
1.334992878394534e+02  ,  1.320116430874476e+02  ,  2.732253722558974e+02
2.305088940303639e+02  ,  1.644097243379145e+01  ,  -2.189256272346499e+02
-6.591285307492481e+01  ,  -1.524062763039550e+02  ,  2.844801906395440e+02
2.651927654329529e+02  ,  1.612380849116520e+02  ,  1.066341132286457e+02
-1.990541810858747e+02  ,  1.744098490214029e+00  ,  2.522319102807845e+02
-2.130865673478363e+02  ,  2.636184457997060e+02  ,  3.330818437775551e+01
-1.756409132507396e+02  ,  -2.014242696476805e+02  ,  -1.985858388567871e+02
2.777570009642894e+01  ,  -2.450284349326660e+02  ,  -2.169811088591806e+02
1.229381315166641e+02  ,  -4.510371942307871e+01  ,  3.008551212861102e+02
-5.863829707339047e+01  ,  3.255695577241743e+02  ,  6.508705696395090e+01
-2.248256417321505e+01  ,  2.395552365915225e+02  ,  -2.410333614516052e+02
1.157682643201625e+02  ,  -7.011095247530781e+01  ,  -3.128901750444196e+02
2.012464880295637e+02  ,  1.754865914094879e+02  ,  -2.305148484139673e+02
-4.232574359752925e+01  ,  4.582226336406013e+01  ,  -3.429770012438445e+02
-1.206834097727524e+02  ,  -1.023429522938138e+02  ,  -1.188687658263293e+01
-4.521878734578162e+01  ,  1.418753429444567e+02  ,  6.025484679950731e+01
%% Stress Info =================================
-2.144305235060952e-01  ,  -2.976767206857343e-01  ,  -1.089597023578868e-01  ,  -5.022344216767667e-03  ,  1.071595189686246e-01  ,  -1.277544773885577e-02
-2.613548626354601e-01  ,  -4.422557337750065e-01  ,  -3.704610860948953e-01  ,  -6.046520342937935e-02  ,  6.174250231684277e-02  ,  -1.314891992678407e-02
-1.319771619906241e-01  ,  -3.555989405863081e-01  ,  -4.143005358600853e-01  ,  1.182719634395660e-01  ,  1.113420441197267e-01  ,  -1.303815773274816e-01
-1.082443998046527e-01  ,  -4.662780618895435e-01  ,  -5.765985294003739e-01  ,  6.524188838099769e-03  ,  6.802574451710357e-02  ,  2.183212001621170e-02
-3.124741943868278e-02  ,  -1.206412764458443e-01  ,  -4.458427515739413e-01  ,  1.066281819594833e-01  ,  -1.226465939625207e-01  ,  -8.020857324061642e-02
-2.149863328566229e-01  ,  -4.214487707233429e-01  ,  -3.787124685481112e-01  ,  6.566335900053866e-02  ,  -2.974577913731587e-02  ,  1.871439595630135e-01
-2.650041721327381e-01  ,  -1.406908620374765e-01  ,  -2.913404161532384e-01  ,  1.625216620522510e-03  ,  -1.747564334117594e-01  ,  -1.916608975111117e-01
-1.695472078242754e-01  ,  -2.514192572156239e-01  ,  -3.500055560282956e-01  ,  1.301594691631661e-01  ,  -1.495001923506104e-01  ,  -5.378268608012067e-02
-4.227323253766830e-01  ,  -3.825643089462268e-01  ,  -2.084976558457952e-01  ,  2.946333132596699e-02  ,  5.796674504557800e-02  ,  -6.419582002602861e-02
-3.019989058724041e-01  ,  -1.581836235983138e-01  ,  -3.097211019124369e-01  ,  -7.200151172832435e-02  ,  -1.380433149888149e-02  ,  -1.579062854082151e-01
-1.886119052413222e-01  ,  -1.896431132389853e-01  ,  1.049215564577788e-01  ,  -1.206164970514488e-01  ,  8.327632285784091e-03  ,  -1.267414590739894e-01
-4.334307618649169e-01  ,  -3.862359358453306e-01  ,  -5.884710839793517e-01  ,  -8.429205470995306e-02  ,  6.386788862406362e-02  ,  -3.932741556660280e-02
-1.702345645772814e-01  ,  -3.208027681053400e-01  ,  -2.314506753362530e-01  ,  9.639873222215485e-02  ,  2.304294348887498e-02  ,  -1.126313648444197e-02
-1.195712887372435e-01  ,  -2.142781063811863e-01  ,  -4.889593877097402e-01  ,  -2.067222754515564e-01  ,  -7.313871359762000e-02  ,  -1.301148437694615e-01
-4.268764439225188e-01  ,  -3.645748983349065e-01  ,  -1.276769355605202e-01  ,  -1.765386200551748e-02  ,  1.666916755666069e-01  ,  -9.449971610553670e-02
-2.762399059876072e-01  ,  -2.177953868272575e-02  ,  -4.110986276975604e-01  ,  8.227898707592632e-02  ,  -1.511836508358899e-01  ,  -1.340629989604767e-01
-7.526366800548602e-02  ,  -2.394416132169578e-01  ,  -4.748272054441361e-01  ,  -1.015515144943597e-02  ,  6.458026462689036e-02  ,  -9.438079900333761e-02
-1.268683049962439e-01  ,  -1.856606090948292e-01  ,  -4.178230897500688e-01  ,  2.107725027679161e-02  ,  -5.102807738406474e-02  ,  -1.162405436697850e-01
-4.905020904179224e-02  ,  -3.433160163024058e-01  ,  -1.104720764316878e-01  ,  -1.251164960601144e-02  ,  -3.617871359757391e-02  ,  1.332932574263361e-01
-8.450499896644893e-02  ,  1.316455184126048e-01  ,  1.263925734427571e-01  ,  8.210727808494862e-03  ,  -3.426178017125663e-02  ,  -3.029059320827672e-01
-4.862125221252199e-02  ,  -3.376518155120681e-01  ,  -5.491473658302143e-01  ,  9.360712517678677e-02  ,  -9.814019578866241e-02  ,  -4.250698933192675e-03
-1.416445005037021e-01  ,  -1.672492319372426e-01  ,  -1.780897277897543e-01  ,  8.864861205136982e-03  ,  -9.125443159308010e-02  ,  -2.651259607700243e-02
-1.028045451452847e-02  ,  -3.687982447072701e-01  ,  -6.468048012728133e-01  ,  2.209768112317259e-02  ,  -4.718489939976300e-02  ,  8.812459571206314e-02
-1.678527983085840e-01  ,  -4.880453664471945e-01  ,  -1.098929287060722e-01  ,  1.502802884995382e-02  ,  -6.578521344833088e-02  ,  8.758988404186747e-02
-2.352181195735185e-01  ,  -2.143731593469310e-01  ,  -2.896598528966653e-01  ,  3.646798445197647e-02  ,  1.543379783798540e-01  ,  -1.499103207810278e-01
-2.450318604772085e-01  ,  -3.118188038678709e-01  ,  -3.331397812679681e-01  ,  -5.929303224845991e-02  ,  2.000333589287696e-01  ,  6.655469211683546e-02
-1.750692828783101e-01  ,  -1.643134909488913e-01  ,  -2.433125889543983e-01  ,  5.903079378293057e-02  ,  1.240109307719295e-01  ,  7.865947971065984e-02
3.516836576287280e-02  ,  -1.302985796520598e-01  ,  -2.293359900833915e-01  ,  1.624556753306200e-01  ,  -9.260615812702870e-02  ,  3.888699159147530e-02
-3.090580711042166e-01  ,  -2.265287080628736e-01  ,  -6.532586052286644e-01  ,  2.733082355437138e-02  ,  1.406336542880543e-01  ,  7.567562028594246e-02
-5.409017010758089e-01  ,  -5.102456421000957e-01  ,  -7.493370564025972e-01  ,  -1.140218800074860e-01  ,  2.875998398024463e-02  ,  -5.524122914064807e-02
-3.228619701182232e-01  ,  -1.639568420668764e-01  ,  -4.975568509436193e-01  ,  2.933666818208891e-02  ,  8.616415129463510e-02  ,  1.220703787232033e-01
-2.738459921575367e-01  ,  -2.320513536132663e-01  ,  -1.371473182370577e-01  ,  -9.997157714754261e-03  ,  1.318270187109929e-01  ,  -2.701346854134930e-02
-5.539761935684985e-01  ,  -5.804318287452185e-01  ,  -7.741208670272671e-01  ,  1.070135571560475e-05  ,  1.030273460149784e-01  ,  1.434827809212652e-01
-3.238566815619000e-01  ,  -2.784572234328194e-01  ,  -5.643730283293329e-01  ,  4.485957612841548e-02  ,  1.225893868290316e-01  ,  1.634586072608671e-01
-3.137851724292620e-01  ,  -2.543220820400759e-01  ,  -2.519245640941296e-01  ,  -1.222767996918793e-02  ,  1.399236878708575e-01  ,  4.545360730371593e-02
-2.541308016400037e-01  ,  -1.412135115374830e-01  ,  -3.279817857549159e-01  ,  8.177794445365197e-02  ,  5.942983280869780e-02  ,  8.465210467252718e-02
-5.732884159450854e-01  ,  -3.983028113503400e-01  ,  -4.990605930296667e-01  ,  1.252532950958549e-01  ,  -4.107963738139355e-02  ,  1.708385894355292e-01
-2.651546829590069e-01  ,  -2.693460500844415e-01  ,  -6.456744329694932e-01  ,  -1.370706767673028e-01  ,  -2.704550642112544e-02  ,  -2.184569877649204e-02
-2.677536510463509e-01  ,  -2.038062095709944e-01  ,  1.104692435071526e-01  ,  2.990636319659151e-03  ,  -1.385199503876958e-01  ,  4.461112674884866e-02
-2.572712191374530e-01  ,  -3.565105968465686e-01  ,  -4.602286427223553e-01  ,  2.590555075431608e-02  ,  9.352908558163739e-02  ,  4.456971660631696e-02
-3.350984488210213e-01  ,  -4.735557686879414e-01  ,  -1.998400057922980e-01  ,  -3.670973263257732e-03  ,  3.703364791794519e-02  ,  1.472450933976505e-01
-1.205513957895795e-01  ,  3.171332904083545e-02  ,  3.651265588410754e-02  ,  -2.287919834201500e-02  ,  -1.004491112513389e-01  ,  8.561950741851763e-03
1.010285865347499e-01  ,  -6.108160100003936e-02  ,  1.017622708323998e-02  ,  -3.326427785021256e-03  ,  -2.196015007830705e-01  ,  -7.830894068834759e-02
-2.363200757762672e-02  ,  -1.021362949516040e-01  ,  -4.253718931651878e-01  ,  -1.409562376369409e-01  ,  6.253979497818171e-02  ,  4.907483389488482e-03
-1.503682080163871e-01  ,  5.014272544765253e-02  ,  -1.587553138523587e-01  ,  1.159211149788586e-01  ,  -1.488927597194893e-01  ,  -1.408060730977908e-01
-2.869951989908638e-01  ,  -1.646433529243780e-01  ,  2.314770106343770e-02  ,  1.040857572489458e-01  ,  1.887244148597754e-02  ,  3.986074202784504e-02
-2.888832991520389e-01  ,  1.625672829036326e-01  ,  -4.063157865107741e-01  ,  -2.573047400582541e-02  ,  -1.605166533684634e-02  ,  1.160387102422213e-02
-4.951656888543953e-01  ,  -3.398630702980815e-01  ,  -4.282143023768861e-01  ,  1.131437527837618e-01  ,  1.124580307390097e-01  ,  3.634827034187755e-02
-2.991570039793693e-01  ,  -3.369390692262774e-01  ,  -3.045464950185792e-01  ,  -8.477352934722342e-02  ,  1.114791745346106e-01  ,  2.218449242937117e-02
-4.149807967633538e-01  ,  -3.837772099733483e-01  ,  -6.143016521870271e-01  ,  8.868690729182005e-02  ,  1.989226812830095e-01  ,  1.890656853162829e-01
-1.797769702192971e-01  ,  -4.484132398215838e-01  ,  -1.801462188922841e-02  ,  6.908041980038702e-02  ,  -1.105488591533329e-01  ,  1.357280765501001e-01
-3.573275976548518e-01  ,  -4.418850751224243e-01  ,  -7.388409534494016e-01  ,  -1.208716058511370e-01  ,  4.990704789869246e-02  ,  -2.098765665010653e-01
-3.891686306161658e-02  ,  -2.110669324859144e-01  ,  -5.962222225051573e-02  ,  -9.044265796288523e-02  ,  -2.124918968896726e-02  ,  1.908872576730903e-01
-3.218048898315826e-01  ,  -4.418092298119929e-01  ,  -4.049202083490930e-01  ,  -9.474007115929932e-02  ,  -7.016983224271360e-02  ,  1.211701800918059e-01
-9.540289937247873e-02  ,  -3.155665181468624e-01  ,  -5.288987471294589e-01  ,  -5.725036880316917e-02  ,  -2.355633487609787e-02  ,  6.333522005344794e-02
-2.529710899249398e-01  ,  -2.683842664656712e-01  ,  -2.668527793484280e-01  ,  -8.680504138130971e-02  ,  -1.029312481974693e-01  ,  6.064669876786142e-02
-3.305752491168608e-01  ,  -3.490609074193962e-01  ,  -2.866805162719034e-02  ,  -7.688775221869168e-02  ,  -3.329940937654847e-02  ,  1.538942417668921e-02
-2.755536175719305e-01  ,  -3.008143881724072e-01  ,  -7.231437977440511e-01  ,  2.635426641854523e-02  ,  4.783349840770375e-02  ,  -3.345212189523518e-02
7.831916058551001e-02  ,  -7.244209169590476e-02  ,  5.531795751888662e-02  ,  -2.916691637128795e-02  ,  -2.770430043050609e-02  ,  1.468630489473306e-01
-1.461522870847640e-01  ,  -4.289367454150212e-01  ,  -5.174043113208394e-01  ,  6.946144905552135e-02  ,  5.571131473861755e-02  ,  -1.062719594466535e-01
-3.837199364917819e-01  ,  -3.806961601400836e-01  ,  -1.420858203381282e-01  ,  -6.455734353091257e-02  ,  7.299325578123708e-02  ,  -2.312748254907844e-02
-2.296383791221333e-01  ,  -3.658008387988361e-01  ,  -3.675669742333239e-01  ,  1.063919861096885e-01  ,  -9.575645962312171e-02  ,  -6.056982526630503e-02
-1.573240941622084e-01  ,  1.778049252809535e-02  ,  -3.626290072871709e-02  ,  1.667136912975712e-01  ,  5.541482005205732e-02  ,  -2.524937991603391e-02
-1.667343743149528e-01  ,  -3.305880301747134e-01  ,  -8.504261001453387e-01  ,  -3.146447111215186e-03  ,  -1.144986018848542e-02  ,  -1.601425552096322e-01
-2.038107966511826e-01  ,  -1.791849795533984e-01  ,  -2.845289232888745e-01  ,  1.253576569787753e-01  ,  -1.427051077959917e-01  ,  2.744611973755912e-02
-4.373500332651514e-01  ,  -1.230303959220104e-01  ,  -2.805129768552170e-01  ,  1.277338006872861e-01  ,  -5.622871368697907e-02  ,  -8.057357437526916e-02
-2.831541345695945e-01  ,  -8.830525491529094e-02  ,  -6.886043308519444e-01  ,  2.284220032551119e-02  ,  -6.694681888496289e-02  ,  -1.030070057512001e-01
-4.961267349260707e-01  ,  -1.131197476134325e-01  ,  -2.464865978206823e-01  ,  1.092031624830675e-01  ,  6.191075922232408e-02  ,  2.320804755572236e-02
-2.628832760041201e-01  ,  -1.918012177823157e-01  ,  -3.424733502022262e-01  ,  2.075630703664642e-03  ,  -5.422762569856721e-02  ,  1.180066150262099e-01
-3.094157874799190e-01  ,  -1.305322435690386e-01  ,  -4.563563166631834e-01  ,  -1.124472864282324e-02  ,  5.622582141092813e-02  ,  6.316569202965587e-02
-5.176782068879489e-02  ,  5.834345286455618e-02  ,  7.535102752189403e-02  ,  -1.258586885414651e-02  ,  -6.538790007728765e-02  ,  -3.686322290562590e-02
-2.798261608010791e-01  ,  -2.840202786739219e-01  ,  -7.688727381343841e-01  ,  9.198879938000155e-02  ,  -3.860148931034106e-02  ,  -1.995764223199977e-01
-3.577699870828343e-01  ,  -4.634242417534783e-01  ,  -1.562303186551433e-01  ,  5.937700383026986e-02  ,  2.424686052547992e-01  ,  5.831242353331747e-02
-3.359519022694383e-01  ,  -1.648454910835578e-01  ,  -5.312428360263030e-01  ,  -4.075672191889557e-02  ,  7.816929066234391e-03  ,  -2.279253351273414e-01
-7.847540294780969e-02  ,  -2.281253816171538e-01  ,  9.157335247618142e-02  ,  -7.017588330778189e-03  ,  -6.802670781814048e-02  ,  -7.795324330548414e-02
-4.285532961296167e-01  ,  -1.527423167595241e-01  ,  -4.174894294560152e-01  ,  -2.421385474013481e-02  ,  6.277981398391605e-02  ,  -1.512005687221648e-01
-2.668453907632276e-01  ,  -2.433637448662233e-01  ,  -4.911579164902536e-01  ,  1.329755779704362e-01  ,  -1.679547213802728e-01  ,  2.289244205108340e-01
-3.520216922287588e-01  ,  -9.918685105366928e-02  ,  -4.643445856501275e-01  ,  2.316078646295622e-02  ,  6.215928530003029e-02  ,  8.633709501068242e-02
-1.140044290264589e-01  ,  -6.005677273246752e-02  ,  -1.018116760793422e-01  ,  -2.269504428357963e-02  ,  -4.440427216164430e-02  ,  8.410571566601072e-02
-3.856755903512537e-01  ,  -3.437944970882735e-01  ,  -1.058633090639290e-01  ,  -2.260599277941033e-02  ,  2.350493705258283e-02  ,  2.184014985913405e-02
-2.628138652428989e-01  ,  -2.332898549907202e-01  ,  2.149097143003938e-02  ,  9.700412798631042e-02  ,  -1.584607374327504e-01  ,  1.496255634071798e-01
-1.726860574960564e-01  ,  -3.874710184522494e-01  ,  -4.726412979672995e-01  ,  -3.454439365390220e-02  ,  -7.463643983812644e-02  ,  9.765447783360218e-02
-4.716184972378176e-01  ,  -2.577800144234262e-01  ,  -4.528527262041363e-01  ,  1.587460634529690e-01  ,  1.623701799897709e-01  ,  -9.423639733874389e-02
-1.945321717503039e-01  ,  -3.397598681282710e-01  ,  -2.652630998873355e-01  ,  -5.689822218552350e-02  ,  -7.878772188678300e-02  ,  -2.467887770627996e-01
4.941836544282296e-02  ,  -2.973806996062092e-01  ,  -2.744186325181260e-01  ,  -3.183842456158124e-03  ,  -1.439773453996985e-02  ,  5.953596243039669e-02
-4.239063853057661e-01  ,  -4.088901694589862e-01  ,  -1.839426799403795e-01  ,  1.124414361362489e-02  ,  1.268931235981299e-01  ,  7.603924017188131e-02
-4.179064585404657e-01  ,  -2.504914062115940e-01  ,  -3.171758498113646e-01  ,  -1.468592338268981e-01  ,  -5.494627087572797e-02  ,  -1.152649961324035e-01
-3.699158877276141e-01  ,  -4.421841493981478e-01  ,  -6.838711343549119e-01  ,  1.927953502920503e-01  ,  -3.602097629406600e-02  ,  -9.711520199276315e-02
-3.672559769119608e-01  ,  -1.987699550090407e-01  ,  -2.686208518016135e-01  ,  -8.810024000644387e-02  ,  -1.387785935561267e-01  ,  2.163862879868018e-02
-1.964835087724383e-01  ,  -3.873196710196056e-02  ,  -6.534076424754743e-01  ,  3.659931199097003e-02  ,  -9.374319592729737e-02  ,  -6.685438301894353e-02
-2.215218497669516e-01  ,  -2.886242952809931e-01  ,  -2.962470935944704e-01  ,  -8.936381283661838e-04  ,  1.779577949836222e-01  ,  4.114600725144344e-02
-2.400426412000322e-01  ,  -4.026873632866091e-01  ,  6.784514038258928e-02  ,  -3.057038957677207e-02  ,  -3.656546249437881e-02  ,  -1.666374232123782e-02
-2.669938192886908e-01  ,  -2.473674510400454e-01  ,  -4.339108733811538e-01  ,  -1.086268616771847e-01  ,  1.034219826218308e-01  ,  8.311931840130417e-02
-2.412744811500043e-01  ,  -4.997780374051267e-01  ,  -4.958477803761485e-01  ,  7.749580608138812e-03  ,  5.910004189543909e-02  ,  2.866085934688979e-01
-3.319534331890732e-01  ,  -3.425729902824265e-01  ,  -5.256275743385880e-01  ,  -1.832666383857206e-01  ,  1.984572860639668e-02  ,  -8.263538989736860e-02
-1.614399813002009e-01  ,  -3.676285624558563e-01  ,  -1.741730731709656e-01  ,  -1.036596421899503e-01  ,  7.841566330831926e-02  ,  1.494608682453944e-02
-2.973081928713481e-01  ,  -4.153671109028693e-01  ,  -2.241852936555249e-01  ,  -1.372203560584360e-01  ,  4.126596977496274e-03  ,  -7.535681617503734e-02
-4.055141756535658e-01  ,  -2.721756113689161e-01  ,  -2.922428589783371e-01  ,  -2.504009221894929e-02  ,  -1.322066635585039e-01  ,  -1.444363399757880e-01
-3.643855662600992e-01  ,  -3.831506240729720e-01  ,  -2.404862249038834e-01  ,  4.630398253610939e-02  ,  -9.350230437146005e-02  ,  6.218394994179037e-02
-2.220736290373359e-01  ,  -3.145179975527872e-01  ,  -5.799983433010873e-01  ,  7.955011850916868e-02  ,  5.536628257554978e-02  ,  1.338627416385229e-02
-2.379654800857729e-01  ,  -2.587261643385731e-01  ,  -5.482685452963718e-01  ,  1.224233821924121e-01  ,  5.730120968864260e-02  ,  2.026561458593399e-01
-2.658611154765806e-01  ,  -4.001961126971951e-01  ,  -5.610780435196584e-01  ,  -1.880320726242688e-02  ,  -1.094745715776392e-01  ,  1.287012999285393e-01
-1.886917311407935e-01  ,  -3.207795511518485e-01  ,  -5.234689840952217e-01  ,  -1.340217379135136e-02  ,  -7.541679652748345e-02  ,  4.173609798377498e-02
-4.063864805099234e-01  ,  -3.267188126004101e-01  ,  -2.927808930386295e-01  ,  5.780834080499136e-02  ,  -1.998317766379012e-02  ,  1.796703651134502e-01
-2.024283862757998e-01  ,  -2.169990154303811e-01  ,  -3.523092615460741e-01  ,  -7.438906933258310e-02  ,  4.770767677998825e-02  ,  -1.439058949465619e-01
-2.348754689848181e-01  ,  -5.061301147476462e-01  ,  -6.048609289126102e-01  ,  -4.619005874368619e-02  ,  4.330269924540751e-02  ,  3.542250868962765e-01
-2.622989204352046e-01  ,  -1.146150581732272e-01  ,  -8.568759288052789e-02  ,  -1.564214513881476e-01  ,  4.108754586975384e-02  ,  -3.561961700321208e-02
-4.150720374524575e-01  ,  -4.096041587253561e-01  ,  -2.267857102161604e-01  ,  2.896182283038488e-02  ,  1.934969535242380e-01  ,  5.265060265602940e-02
-1.221426567422513e-01  ,  -1.102536165159106e-01  ,  -1.254585585689289e-01  ,  -7.736277223717672e-02  ,  1.626792270040427e-02  ,  1.742822474218128e-01
-2.549969763458489e-01  ,  -2.271620771744939e-01  ,  -2.379010754541091e-01  ,  -8.364195613495601e-02  ,  -1.419564624320682e-01  ,  3.058553689124165e-02
-3.587551162840602e-01  ,  -5.817018245005799e-01  ,  -3.544264926202750e-01  ,  6.709343509214322e-02  ,  -2.641446852784388e-01  ,  1.856398779207152e-01
-3.103086017085623e-01  ,  -3.224904125848844e-01  ,  -4.759897659717516e-01  ,  -1.585691371607005e-01  ,  -1.562545943938556e-01  ,  -1.085534146033396e-01
-2.514167921605280e-01  ,  -5.513098128606640e-02  ,  -3.474529745408674e-02  ,  -3.371025584577565e-02  ,  -4.245283494556044e-03  ,  -9.116701122401691e-03
-3.780245272961958e-01  ,  -1.475836947899351e-01  ,  -4.542683815966378e-01  ,  -1.802864692464417e-01  ,  -3.692594786031159e-02  ,  -1.211949714413287e-01
-2.802559087866149e-01  ,  -3.393053270706446e-01  ,  -6.186477454697707e-02  ,  -1.407205172600044e-02  ,  -1.066142427601171e-01  ,  1.400581053363771e-01
-2.940189713724903e-01  ,  -2.336620719789957e-01  ,  -5.529508912968527e-01  ,  -4.792459958292854e-02  ,  9.559556429988618e-02  ,  -1.847190218390081e-01
-2.692496540458565e-01  ,  -4.595250906731710e-01  ,  -3.157482006451863e-01  ,  4.150166016120403e-02  ,  -1.213034961828080e-01  ,  -4.903968251931123e-02
-2.766911487424635e-01  ,  -3.380046020479586e-01  ,  -2.484392008112757e-01  ,  3.423712870081853e-02  ,  -1.251136981414733e-01  ,  -1.538433448447193e-01
-1.805318233212257e-01  ,  -1.816248035593433e-01  ,  -4.577982567653157e-01  ,  -4.712373758736745e-02  ,  -2.135687742227620e-01  ,  5.631029647384047e-02
-1.002738688759133e-01  ,  -8.280089690720108e-02  ,  2.089679091591243e-02  ,  -4.699350488018499e-02  ,  -2.123863931844376e-01  ,  -2.551393983116959e-01
-2.828682110331798e-02  ,  -1.566191902227338e-01  ,  -2.138900699899843e-01  ,  2.093632916332383e-02  ,  -2.704139463128822e-01  ,  2.648533284969894e-02
-3.024231659359816e-01  ,  -4.155774303799099e-01  ,  -2.667701273494752e-01  ,  5.175020373728062e-03  ,  -7.059043860809189e-02  ,  2.095913522002392e-01
-2.472636419889350e-01  ,  -2.572400269641459e-01  ,  -2.722107084130682e-01  ,  -3.470407179205375e-02  ,  1.488916908583526e-01  ,  1.417859457496257e-01
-4.984586258393019e-01  ,  -4.743024536398898e-02  ,  -3.074256709480089e-01  ,  6.822362324838786e-02  ,  1.122545542312522e-01  ,  -5.082831748652012e-02
-3.903819647817593e-01  ,  -2.634732447477371e-01  ,  -3.513510243751083e-01  ,  2.545627636405865e-03  ,  5.236129997829454e-02  ,  1.433110833244288e-01
-1.177240540589644e-01  ,  -2.883552543660807e-01  ,  -6.018625868583184e-02  ,  1.164010590655072e-02  ,  1.629974735686317e-01  ,  3.038725929389914e-02
-1.293140658257897e-01  ,  -1.186276762052390e-01  ,  -7.275616297821519e-01  ,  2.757418498845350e-02  ,  1.288603275918243e-01  ,  -3.682616667219075e-02
-2.768453680581555e-01  ,  -2.378723360229101e-01  ,  6.703818753342061e-02  ,  -1.853053782040390e-01  ,  -1.435800921452260e-01  ,  -2.665249123372132e-04
-1.624157094157007e-01  ,  -2.358245988516702e-01  ,  -5.502072303486505e-01  ,  2.150616756740433e-01  ,  -1.727778999540051e-01  ,  -2.848938196688201e-02
-2.953620402986319e-01  ,  -2.385413659200674e-01  ,  6.538958593303365e-02  ,  5.905600353481869e-03  ,  -7.518060481643468e-02  ,  -2.329131279155531e-02
-3.795507241746849e-01  ,  -5.286115136856983e-02  ,  -6.096503919426084e-01  ,  3.177734729230269e-02  ,  1.679356683913231e-01  ,  -1.726093507939844e-02
-3.396475222299175e-01  ,  -1.305782720680232e-01  ,  -1.018357595610741e-01  ,  1.882816972378890e-02  ,  -1.263600861048182e-01  ,  -1.912450473476192e-01
-2.664394956045594e-01  ,  -4.021824564626629e-01  ,  -1.950927423487341e-01  ,  6.253668213816498e-02  ,  -6.243205904897573e-02  ,  6.830185024039087e-02
-3.875151706799762e-01  ,  -2.069792304523802e-01  ,  -4.885953445690176e-01  ,  -9.156747375752644e-02  ,  -2.729189129994587e-02  ,  7.399676688457489e-03
-2.222478481640378e-01  ,  -3.426904518406964e-01  ,  -1.656060466146559e-01  ,  7.652628073377468e-02  ,  -8.969823562832936e-02  ,  -6.038942087262784e-05
-2.835441544480379e-01  ,  -4.199300595782303e-01  ,  -9.441035535413832e-01  ,  3.027945037543576e-02  ,  -8.727883957870068e-02  ,  4.922863418660195e-02
-4.111751536218150e-01  ,  -2.866392687453320e-01  ,  -2.361783444591003e-01  ,  -6.165865793074397e-02  ,  -8.331243847260036e-02  ,  -1.612516708023509e-02
-2.505551142618113e-01  ,  -2.408287695270787e-01  ,  -8.376277167439159e-01  ,  4.121768152801991e-02  ,  7.771668205062421e-02  ,  -5.797050893220895e-02
-2.421313950168261e-01  ,  -2.074243727620137e-01  ,  2.123451180351198e-02  ,  -8.546475931894203e-02  ,  1.457538387370708e-01  ,  -3.428605411114927e-02
-2.117321847753457e-01  ,  -8.928749575267805e-02  ,  -6.216757679124618e-01  ,  2.474170791312369e-02  ,  1.417278809004266e-01  ,  -5.525352495508976e-02
-5.146521981698577e-01  ,  -4.460186722342899e-01  ,  -8.277408653365103e-01  ,  -4.420442357651074e-02  ,  -9.622732060965531e-03  ,  2.355259578803582e-02
-1.483338321996429e-01  ,  -2.047689821273842e-01  ,  -3.056974426183908e-01  ,  3.361772680228006e-02  ,  -1.660009704771321e-01  ,  -1.424773798261043e-02
-3.483072584931908e-01  ,  -3.044970721626340e-01  ,  -1.422780372835923e-01  ,  -3.632652066381690e-02  ,  -7.291246398559169e-02  ,  6.772918517084629e-02
-2.163036413583816e-02  ,  -7.972789739620447e-03  ,  -3.375868998527318e-02  ,  8.077111426803851e-03  ,  1.730551906394386e-01  ,  -1.202674391064105e-01
-8.549723119247044e-02  ,  -3.759912636272649e-01  ,  -5.457306175550227e-01  ,  -7.494126198112605e-03  ,  6.417933023915244e-02  ,  -8.336917134951524e-02
-1.283944445609885e-01  ,  -1.035491459735104e-01  ,  -1.730916041335001e-01  ,  -1.015697852574623e-01  ,  1.637006207750079e-01  ,  -4.650456844253169e-02
-1.947280131390155e-01  ,  -2.141794955225065e-01  ,  -5.216097703846104e-01  ,  -4.625169170130795e-02  ,  9.304502466766905e-02  ,  2.231619755385925e-01
-1.267222852975787e-01  ,  -2.192405782487282e-01  ,  -3.909066259117305e-01  ,  4.138943687463260e-02  ,  -2.408149898428793e-02  ,  1.279733000031409e-01
-4.277047115848073e-01  ,  -2.348629512768661e-01  ,  -1.149833089448691e-01  ,  -2.791806321482865e-02  ,  -1.670233775358456e-02  ,  -1.190464884862882e-02
-5.076287574321900e-01  ,  -4.098083496187619e-01  ,  -1.860085699856081e-01  ,  -5.387589541412716e-02  ,  1.058784833770206e-02  ,  -1.034837150186693e-01
-2.478864390201788e-01  ,  -3.235161673900881e-01  ,  -3.469578233180184e-01  ,  5.224523776387783e-02  ,  2.103954183039971e-01  ,  -7.611830875237070e-02
-3.101691600852667e-01  ,  -4.610575814819154e-01  ,  -5.719942096204368e-01  ,  8.725594703370049e-02  ,  1.639611596487505e-01  ,  9.336788231233314e-02
-2.052983294027488e-01  ,  -4.562393189148357e-01  ,  -2.291148384301596e-01  ,  -4.582205992693081e-02  ,  2.449546522453502e-02  ,  4.792045780741477e-02
-1.456005255688513e-01  ,  -3.958967956412863e-01  ,  -3.236874016138976e-01  ,  6.414422537647893e-02  ,  3.088087768545822e-02  ,  -8.072958016072679e-02
-2.907885194132350e-01  ,  -1.613301508842533e-01  ,  -1.962294629856022e-01  ,  -1.284987564586704e-01  ,  -9.081466886019575e-02  ,  -8.487100711568964e-02
-3.292744429457670e-01  ,  -3.509846811369363e-01  ,  -2.891601717360147e-01  ,  6.585036206190725e-02  ,  1.708005071728475e-01  ,  4.625331147972474e-02
-2.366924094266067e-01  ,  -4.289601628113076e-02  ,  1.335028385978355e-02  ,  5.060074192979345e-02  ,  1.874458539337155e-01  ,  4.494661226398957e-03
-2.431304911968909e-01  ,  -5.124719525728549e-01  ,  -2.593290960357189e-01  ,  -2.912289127870374e-02  ,  1.174339982084514e-02  ,  -1.316701345678037e-01
-2.636399664273415e-01  ,  -2.184486035212844e-01  ,  -3.923223348676875e-01  ,  8.849428891888168e-02  ,  9.438645648211293e-02  ,  -1.371773836033748e-01
-3.465638535493492e-01  ,  -3.464410497549251e-01  ,  -1.346791979240421e-01  ,  7.138918218567217e-02  ,  5.182347431391276e-02  ,  8.838133133868943e-02
-2.659452881225263e-01  ,  -3.675417147449275e-01  ,  -8.385000457426980e-01  ,  8.190371369381132e-02  ,  -1.138472211753844e-01  ,  -7.365956678660741e-02
-1.437414097745575e+00  ,  -1.851448857972132e+00  ,  -1.480680801010404e+00  ,  5.757854343571384e-02  ,  -5.716195104838975e-02  ,  1.475696607486715e-01
-7.980474992867898e-01  ,  -7.461069342904331e-01  ,  -1.231999572211405e+00  ,  9.342636997502689e-02  ,  -7.095737856932793e-02  ,  -1.709302738015663e-01
-1.017293834264139e+00  ,  -9.443043706528744e-01  ,  -1.174710243303022e+00  ,  3.748424613688667e-02  ,  -5.680143957843485e-02  ,  -2.503544986023831e-02
-9.134046325403944e-01  ,  -5.411993206724364e-01  ,  -1.265246879190704e+00  ,  2.561956793430312e-01  ,  -1.984144070456144e-01  ,  6.856354723745797e-02
-8.853534177808209e-01  ,  -7.859118487405216e-01  ,  -1.155320350100762e+00  ,  -9.704282994289720e-02  ,  1.101575064956292e-01  ,  -1.523222078039148e-01
-9.357303328336547e-01  ,  -7.396974099220824e-01  ,  -1.290529360952079e+00  ,  7.341709376412368e-02  ,  3.657674566766434e-02  ,  5.740658839130040e-03
-9.522469976308765e-01  ,  -1.208841225075752e+00  ,  -1.454500216688162e+00  ,  -2.046914401190366e-01  ,  6.152187114772951e-02  ,  2.133502964520683e-01
-7.604988973566840e-01  ,  -8.854440668487358e-01  ,  -1.220353121229292e+00  ,  -1.862641843665327e-02  ,  4.005862649552388e-02  ,  -7.234940334537875e-02
-8.253219649220209e-01  ,  -9.575117816325079e-01  ,  -1.355714826378401e+00  ,  4.614639427290324e-02  ,  6.553508881776027e-02  ,  4.658541708052596e-02
-5.771149882099322e-01  ,  -1.529149884649060e-01  ,  -4.542958222539917e-01  ,  -5.990902253757212e-02  ,  -5.179282239103013e-02  ,  -3.933909316755088e-01
-8.563385889701220e-01  ,  -7.816394431660089e-01  ,  -1.227075088161273e+00  ,  -8.361104296478794e-02  ,  -5.466040501960134e-02  ,  -1.893447344324905e-02
-1.193238378052660e+00  ,  -1.326756408304656e+00  ,  -1.411057877727349e+00  ,  2.767298922562642e-02  ,  -5.044307881974463e-02  ,  2.099292174516094e-01
-6.953176378516510e-01  ,  -7.637118318891556e-01  ,  -1.059772576991634e+00  ,  -1.211646112654351e-01  ,  1.664518906956543e-01  ,  -1.247376881546899e-01
-8.352530611255903e-01  ,  -7.421190668102688e-01  ,  -1.192262256496579e+00  ,  5.348157051182879e-02  ,  9.580617234695211e-03  ,  -7.140824387137287e-02
-9.167791147094846e-01  ,  -8.418903311405573e-01  ,  -9.372050418351080e-01  ,  -2.303473938489177e-02  ,  1.103472814500938e-01  ,  4.609758883330957e-02
-9.073040887722895e-01  ,  -9.309030233638745e-01  ,  -1.194172588666645e+00  ,  -8.615699549169135e-02  ,  1.514953665626699e-01  ,  -2.519233946459731e-02
-6.241901599907309e-01  ,  -7.373115809485249e-01  ,  -1.111664344383006e+00  ,  -5.055303625488183e-02  ,  1.451787067381046e-02  ,  5.116591078942886e-02
-7.423158099830230e-01  ,  -9.405092832836777e-01  ,  -1.042403218516499e+00  ,  -1.042718640717697e-01  ,  1.232142939336918e-01  ,  -2.730162638129530e-02
-9.287967508253338e-01  ,  -5.284329154933630e-01  ,  -1.220370205466503e+00  ,  -1.594814257879931e-01  ,  3.797363816914234e-02  ,  1.937389135292873e-01
-5.599498903289516e-01  ,  -8.842572958241255e-01  ,  -1.028440382600166e+00  ,  7.416778657311156e-02  ,  -9.949682184851131e-03  ,  -3.798208621991259e-02
-6.466053919313882e-01  ,  -7.920756800691732e-01  ,  -1.039671775204460e+00  ,  1.156257232978543e-01  ,  7.651707122519063e-03  ,  9.932885584721221e-02
-7.756091378939979e-01  ,  -5.761245372457676e-01  ,  -9.343743491002360e-01  ,  -1.567370561470276e-01  ,  -7.266390040841744e-02  ,  -4.659334471480647e-02
-9.067059822266743e-01  ,  -7.729733853205158e-01  ,  -1.054629582700843e+00  ,  7.921188267743734e-02  ,  -7.267423100209030e-03  ,  -3.006444701032018e-02
-7.069233307037759e-01  ,  -8.394601049868967e-01  ,  -4.937785258082816e-01  ,  -3.235008016355533e-02  ,  1.866273866940840e-01  ,  1.863022264575253e-01
-7.406360266225345e-01  ,  -9.967709509809880e-01  ,  -8.160612710686854e-01  ,  -3.682170244764974e-02  ,  -2.316272553815323e-01  ,  2.019350209999728e-03
-8.802413048514409e-01  ,  -7.328672787562208e-01  ,  -5.241167205366901e-01  ,  -6.462256474241601e-03  ,  -5.449776254428993e-02  ,  -1.408175652572541e-01
-6.711752218077850e-01  ,  -8.800573312352943e-01  ,  -9.636892932231601e-01  ,  1.558991761272300e-01  ,  1.252272744889986e-01  ,  6.430396604061049e-02
-6.149539982064308e-01  ,  -7.278117453836495e-01  ,  -4.139893390395822e-01  ,  5.938808417076409e-02  ,  -3.165768925958330e-01  ,  -7.456847283118176e-02
-5.682090234794207e-01  ,  -2.708121523961032e-01  ,  -9.799657045484945e-01  ,  -2.938657372480616e-01  ,  8.328517820921245e-02  ,  -5.968236626096480e-03
-6.667066703267202e-01  ,  -7.831606324821698e-01  ,  -7.709925639963263e-01  ,  1.069685928611241e-01  ,  1.150396086151935e-01  ,  1.119267968015634e-01
-8.833425244485267e-01  ,  -7.503066838525350e-01  ,  -8.849420863680115e-01  ,  -1.654464124656724e-02  ,  -6.925783021142981e-02  ,  3.137394536347174e-01
-7.811947765623315e-01  ,  -8.018812367713093e-01  ,  -6.500523252464863e-01  ,  5.495045637640249e-02  ,  1.129751196176594e-01  ,  -1.291470815351806e-01
-7.459406934712045e-01  ,  -3.401868862347881e-01  ,  -9.994784177991841e-01  ,  -1.159955002460134e-02  ,  -4.496163067059483e-02  ,  -1.911491098732254e-02
-8.943368816335249e-01  ,  -7.556252753445047e-01  ,  -8.262603190070528e-01  ,  -2.330008925970694e-02  ,  5.786016313710142e-02  ,  -1.580405047556405e-01
-8.010787867589151e-01  ,  -8.259769733481266e-01  ,  -6.311672372364759e-01  ,  -2.604076168151176e-02  ,  -1.704887422282464e-01  ,  1.000874383037652e-01
-6.517412268780337e-01  ,  -6.455271677962446e-01  ,  -6.780481747625687e-01  ,  1.181513050974148e-01  ,  -1.541315448942469e-01  ,  -1.647101461694091e-01
-6.970465913494132e-01  ,  -7.814892827877925e-01  ,  -4.093814666132012e-01  ,  4.144059435718772e-02  ,  -2.612883490472169e-02  ,  -1.018390444977258e-01
-1.172296724629791e+00  ,  -8.977314435507213e-01  ,  -1.285881089635547e+00  ,  -3.967979848532107e-02  ,  -6.077589465251863e-02  ,  -7.080680228188845e-02
-9.991918061817958e-01  ,  -9.729439753631717e-01  ,  -1.292390421564170e+00  ,  5.475717338739570e-02  ,  3.248830240334392e-02  ,  -1.483736736458853e-01
%% Density Info =============================
2.500000000000000e+02
2.500000000000000e+02
2.500000000000000e+02
2.500000000000000e+02
2.500000000000000e+02
2.500000000000000e+02
2.500000000000000e+02
2.500000000000000e+02
2.500000000000000e+02
2.500000000000000e+02
2.500000000000000e+02
2.500000000000000e+02
2.500000000000000e+02
2.500000000000000e+02
2.500000000000000e+02
2.500000000000000e+02
2.500000000000000e+02
2.500000000000000e+02
2.500000000000000e+02
2.500000000000000e+02
2.500000000000000e+02
2.500000000000000e+02
2.500000000000000e+02
2.500000000000000e+02
2.500000000000000e+02
2.500000000000000e+02
2.500000000000000e+02
2.500000000000000e+02
2.500000000000000e+02
2.500000000000000e+02
2.500000000000000e+02
2.500000000000000e+02
2.500000000000000e+02
2.500000000000000e+02
2.500000000000000e+02
2.500000000000000e+02
2.500000000000000e+02
2.500000000000000e+02
2.500000000000000e+02
2.500000000000000e+02
2.500000000000000e+02
2.500000000000000e+02
2.500000000000000e+02
2.500000000000000e+02
2.500000000000000e+02
2.500000000000000e+02
2.500000000000000e+02
2.500000000000000e+02
2.500000000000000e+02
2.500000000000000e+02
2.500000000000000e+02
2.500000000000000e+02
2.500000000000000e+02
2.500000000000000e+02
2.500000000000000e+02
2.500000000000000e+02
2.500000000000000e+02
2.500000000000000e+02
2.500000000000000e+02
2.500000000000000e+02
2.500000000000000e+02
2.500000000000000e+02
2.500000000000000e+02
2.500000000000000e+02
2.500000000000000e+02
2.500000000000000e+02
2.500000000000000e+02
2.500000000000000e+02
2.500000000000000e+02
2.500000000000000e+02
2.500000000000000e+02
2.500000000000000e+02
2.500000000000000e+02
2.500000000000000e+02
2.500000000000000e+02
2.500000000000000e+02
2.500000000000000e+02
2.500000000000000e+02
2.500000000000000e+02
2.500000000000000e+02
2.500000000000000e+02
2.500000000000000e+02
2.500000000000000e+02
2.500000000000000e+02
2.500000000000000e+02
2.500000000000000e+02
2.500000000000000e+02
2.500000000000000e+02
2.500000000000000e+02
2.500000000000000e+02
2.500000000000000e+02
2.500000000000000e+02
2.500000000000000e+02
2.500000000000000e+02
2.500000000000000e+02
2.500000000000000e+02
2.500000000000000e+02
2.500000000000000e+02
2.500000000000000e+02
2.500000000000000e+02
2.500000000000000e+02
2.500000000000000e+02
2.500000000000000e+02
2.500000000000000e+02
2.500000000000000e+02
2.500000000000000e+02
2.500000000000000e+02
2.500000000000000e+02
2.500000000000000e+02
2.500000000000000e+02
2.500000000000000e+02
2.500000000000000e+02
2.500000000000000e+02
2.500000000000000e+02
2.500000000000000e+02
2.500000000000000e+02
2.500000000000000e+02
2.500000000000000e+02
2.500000000000000e+02
2.500000000000000e+02
2.500000000000000e+02
2.500000000000000e+02
2.500000000000000e+02
2.500000000000000e+02
2.500000000000000e+02
2.500000000000000e+02
2.500000000000000e+02
2.500000000000000e+02
2.500000000000000e+02
2.500000000000000e+02
2.500000000000000e+02
2.500000000000000e+02
2.500000000000000e+02
2.500000000000000e+02
2.500000000000000e+02
2.500000000000000e+02
2.500000000000000e+02
2.500000000000000e+02
2.500000000000000e+02
2.500000000000000e+02
2.500000000000000e+02
2.500000000000000e+02
2.500000000000000e+02
2.500000000000000e+02
2.500000000000000e+02
2.500000000000000e+02
2.500000000000000e+02
2.500000000000000e+02
2.500000000000000e+02
2.500000000000000e+02
2.500000000000000e+02
2.500000000000000e+02
2.500000000000000e+02
2.500000000000000e+02
2.500000000000000e+02
2.500000000000000e+02
2.500000000000000e+02
2.500000000000000e+02
2.500000000000000e+02
2.500000000000000e+02
2.500000000000000e+02
2.500000000000000e+02
2.500000000000000e+02
2.500000000000000e+02
2.500000000000000e+02
2.500000000000000e+02
2.500000000000000e+02
2.500000000000000e+02
2.500000000000000e+02
2.500000000000000e+02
2.500000000000000e+02
2.500000000000000e+02
2.500000000000000e+02
2.500000000000000e+02
2.500000000000000e+02
2.500000000000000e+02
2.500000000000000e+02
2.500000000000000e+02
2.500000000000000e+02
2.500000000000000e+02
2.500000000000000e+02
2.500000000000000e+02
2.500000000000000e+02
2.500000000000000e+02
2.500000000000000e+02
2.500000000000000e+02
2.500000000000000e+02
2.500000000000000e+02
2.500000000000000e+02
2.500000000000000e+02
2.500000000000000e+02
2.500000000000000e+02
2.500000000000000e+02
2.500000000000000e+02
2.500000000000000e+02
2.500000000000000e+02
2.500000000000000e+02
2.500000000000000e+02
2.500000000000000e+02
2.500000000000000e+02
%% Nodal Solution =============================
-2.218167340952337e-02
-1.427383653470303e-01
8.472455207284027e-03
-5.050256997469350e-02
1.030249250276647e-01
-4.176788837989553e-02
6.952656789968335e-02
1.192303151979883e-02
-1.117746206998341e-01
-1.390376750373340e-02
1.447871879334324e-01
-1.964004873545725e-01
-6.154200385472013e-02
8.081276766626458e-02
-1.699980266433805e-03
8.624612537934517e-02
1.353486175079752e-02
1.039468824279397e-03
6.062926839148512e-02
3.217711563882973e-01
2.584969763316574e-02
-3.049895353620472e-02
4.712169389386300e-02
1.942527850810400e-02
1.699825555848839e-02
-1.638546921174090e-02
4.206728009112750e-03
1.235950664236194e-01
-3.946007797715710e-02
-2.630204326922203e-01
-3.659432367826167e-02
-2.008452814132338e-02
-2.627613596291455e-01
-5.036500859928957e-02
-6.165408541076400e-02
-3.032991881907776e-02
-1.440429950298253e-01
-5.290847877470323e-02
1.289312293250971e-01
-1.247001515946730e-01
-6.056790315177197e-02
1.046132158934785e-01
2.228385931923323e-01
9.621004547098891e-02
1.648472274702151e-01
6.487491084465012e-02
1.339967818693380e-01
-1.398925733296153e-01
-9.704670366909869e-02
-6.100595380532811e-02
9.504445345064119e-02
-8.683554045167513e-02
1.262627972149516e-01
-1.189177375946745e-01
-1.914626823224283e-02
-5.748565860144173e-02
4.871334739181268e-03
-8.143959239800608e-02
1.618541601912417e-01
-5.115279532056785e-02
-6.533107031823737e-02
-7.563271985246470e-02
1.290011549436812e-01
2.012682319479929e-02
1.493588567822971e-02
-3.788071648452889e-03
3.540486647344427e-02
-8.468884633301806e-04
-5.764694826637790e-02
-5.175396084913850e-02
1.069718062602585e-01
-4.147138212893755e-03
2.850057396271996e-02
1.174372371549493e-02
1.128183735821940e-01
-3.856012530090844e-02
5.877552744149075e-02
-2.863986200713444e-02
2.264921760673191e-02
-6.162650835504752e-02
1.331017640066577e-01
-6.962652452429362e-02
-4.259821836287205e-02
4.852914962987349e-02
5.200351909605012e-02
-6.612389962948237e-02
-4.869133821370794e-02
-1.150925364253953e-01
-3.562577391093900e-02
8.446811389747397e-02
-2.811930718905851e-02
7.467488891842045e-02
-5.049900702334618e-02
-8.155263560699531e-03
-8.388693823457669e-02
-1.488210942805792e-02
-6.138729427858963e-02
-4.674233078959378e-02
-1.073940128838167e-01
-8.105534395740706e-02
1.182072656929529e-02
-9.378540066103211e-02
-7.875096666721945e-02
-6.966364629342893e-02
-1.935582167416228e-02
3.445714639245281e-02
5.516325437882467e-02
-4.942115024237784e-02
8.026024947895384e-02
-2.426601008033414e-02
8.545172855460177e-04
-3.276841800274577e-02
2.697943255500575e-02
3.982700155001232e-03
3.695369538239336e-02
-1.909667221253321e-02
-9.897943100009558e-02
-2.499019712641906e-02
4.516985306890486e-02
2.542608555962615e-01
1.537083908061210e-01
-2.935775338729690e-02
-2.669533887844135e-03
2.882746718477438e-02
-9.278738563220326e-02
6.580372572075595e-02
9.247794149348598e-02
1.526222420116506e-01
7.403821358689516e-02
6.971397834388920e-02
3.751924071949625e-02
9.230143658837098e-02
-7.039658747583691e-02
-1.058368483332902e-01
-4.344742916934940e-02
-7.320447022226241e-02
-9.977107065856869e-02
-4.365413716978767e-03
9.161286463817976e-02
5.706291958802645e-02
-2.380360569812456e-01
6.766465838284697e-03
-5.588368779622233e-02
1.658841270137872e-01
-1.658847751170880e-02
7.758725270013461e-02
4.528941374420243e-02
-8.308396978594316e-03
-4.335856470990734e-02
-8.460310143372575e-02
-1.295541231243750e-02
-1.032121491375542e-01
-7.490543955497271e-02
-5.838922744769416e-02
1.192387157162409e-02
-6.260463732560446e-02
1.382562196271551e-01
-6.345440492472017e-02
-2.534414691823433e-02
-4.372696439345206e-02
-4.931174669612698e-02
-8.711352384873745e-01
-3.590416216652931e-01
-6.137724960423298e-01
-2.152148521652973e-01
-4.159298294355760e-01
-4.433803192859955e-01
-5.080251400525743e-01
-4.531414024038547e-01
-4.835091094894104e-01
1.141850468101174e-01
-4.469744077858416e-01
-7.090374610939040e-01
-3.236835139935974e-01
-4.292554649704106e-01
-5.165903543489949e-01
-5.047488578078473e-01
-3.502352209517859e-01
-4.447076098714582e-01
-2.570796114437090e-01
-3.597594278772769e-01
-3.641886151622765e-01
-3.168534019677574e-01
-4.974796537336710e-01
-2.044269763537290e-01
-3.660064463745999e-01
-2.985502711992023e-01
-3.659524736021543e-01
-9.634452862808797e-02
-2.335275596193353e-02
-3.445763916454236e-01
-3.049232283288598e-01
-3.518288827202370e-01
-1.991925412543217e-01
-4.210336433511375e-01
-3.339645135498197e-01
-2.427970783500509e-01
-2.478624979561086e-01
-5.918705263971127e-01
-5.568721522268778e-01
%% Mass distribution =============================
1.591233872137121e+08
5.156863173929670e+08
3.976739505639687e+08
7.062766810608211e+08
3.959892280286983e+08
4.232288758205788e+08
1.831990573535489e+08
1.804473830653866e+08
4.280686020347928e+08
2.687938606291646e+08
3.069106318911110e+08
4.717121404007311e+08
2.564817865106618e+08
2.511598053923723e+08
3.960763739051633e+08
5.219013991887674e+08
3.680062002291344e+08
4.129404117128546e+08
3.117540839741248e+08
2.128330158847953e+08
4.458227719110643e+08
2.411788522951681e+08
5.931953493704361e+08
4.196514519993198e+08
3.431042999881832e+08
2.764084890609952e+08
2.162762235038744e+08
2.216446911413030e+08
3.642312057154574e+08
6.945067880214409e+08
5.591907782670883e+08
3.900814280020403e+08
4.270989693356460e+08
4.738886616545079e+08
4.559531085816458e+08
2.122045084424361e+08
4.722778925355164e+08
3.316986230231149e+08
2.055998438858181e+08
6.327733723869965e+08
4.566724233106262e+08
2.467387482073878e+08
3.174311627612955e+08
2.539859281649806e+08
2.512976562151746e+08
1.821228936128976e+08
2.781173989151466e+08
5.376213555386912e+08
7.297498522370306e+08
1.334462471244689e+08
3.814834190712838e+08
3.408499326171986e+08
3.311824965604872e+08
4.762179629500394e+08
4.674278718415893e+08
6.209509158308790e+08
5.159622632823418e+08
2.847471388697967e+08
2.289868679520302e+08
4.416899886198170e+08
1.772967040495985e+08
4.813223668427384e+08
2.308638816873025e+08
4.048976339669271e+08
3.220185106895654e+08
4.821032413299205e+08
4.992628768891221e+08
5.029876202475946e+08
4.742362938099401e+08
4.495924976611886e+08
2.480043525754020e+08
4.434768094467961e+08
6.037245301448535e+08
4.999510073039260e+08
2.205727223992687e+08
5.414815910704949e+08
2.707618630206693e+08
4.813047049453512e+08
1.986173214972453e+08
1.808904501582056e+08
3.263346565296149e+08
4.127340523065664e+08
3.817950106380807e+08
3.115161250136676e+08
2.434756845694808e+08
3.711017628798929e+08
2.988310611084173e+08
2.904242480483087e+08
4.948098248402869e+08
3.374477009409329e+08
5.165279619149774e+08
5.229000479526623e+08
3.194231008327709e+08
2.844948553055363e+08
5.244083839296361e+08
4.222965409525362e+08
4.035742539256565e+08
2.665683818625522e+08
2.921066724520141e+08
4.107556808555339e+08
1.869542526538177e+08
3.145664697477887e+08
2.080426379671218e+08
4.154923457874284e+08
4.953694087412565e+08
6.155480959752915e+08
4.400078985333670e+08
2.037370732562385e+08
2.656161388855420e+08
5.409221294349958e+08
5.272393524040252e+08
4.782174843097038e+08
2.932913378796172e+08
2.686979722560795e+08
1.815821776861098e+08
3.155861878062879e+08
4.319186277731843e+08
4.076915021166143e+08
3.908777822761816e+08
3.998238294933755e+08
5.107806938749639e+08
2.785638454430113e+08
4.027411853938836e+08
2.523775295698768e+08
3.244408136556471e+08
4.064750276823397e+08
3.168280048005834e+08
3.260994567536857e+08
6.488647339128780e+08
4.808204815431075e+08
4.942120519554857e+08
1.930194725619268e+08
2.844939615104009e+08
1.850424486674609e+08
4.067760252793651e+08
4.299727047558163e+08
4.907537053232957e+08
3.292284245806432e+08
2.894409686025110e+08
2.783557278046097e+08
5.287941512948827e+08
1.989850665036204e+08
3.871332871185358e+08
3.517746470374858e+08
3.557442464281683e+08
1.799469261529958e+08
3.079841228045049e+08
2.332596934020862e+08
4.338273741861009e+08
4.029416847584544e+08
2.321430137965387e+08
5.064524308444149e+08
3.021853921359422e+08
2.666527070810854e+08
1.965465831322933e+08
4.373289102411700e+08
1.617772917225111e+08
2.991015161153830e+08
3.035376937028248e+08
1.866274956904251e+08
3.614398186567525e+08
3.053048750639477e+09
1.875086469395532e+09
1.734176407064053e+09
2.084431132398710e+09
2.683402598444743e+09
1.739551163375472e+09
1.839942650592953e+09
2.366469282754553e+09
1.832789263417667e+09
1.840711877602840e+09
1.899539458541480e+09
2.208251161403016e+09
1.976766929320732e+09
2.026614833948614e+09
1.897167129746678e+09
2.021313841281791e+09
2.379709191047998e+09
1.947850566402502e+09
1.687070463749084e+09
1.668264102436821e+09
1.596189368631581e+09
2.246303100087312e+09
1.629304256484158e+09
1.443153854283089e+09
1.368820235223274e+09
1.651436700127146e+09
1.524485656029706e+09
1.483684972461653e+09
1.197017316743615e+09
1.453867189334798e+09
1.316722912001265e+09
1.383886865556023e+09
1.504177717827101e+09
1.273763289783177e+09
1.202339123491844e+09
1.274986999501973e+09
1.054575740203492e+09
1.018169566807713e+09
7.650252657421321e+08
