       0
       1
       2
       3
       4
       5
       6
       7
       8
       9
      10
      11
      12
      13
      14
      15
      16
      17
      18
      19
      20
      21
      22
      23
      24
      25
      26
      27
      28
      29
      30
      31
      32
      33
      34
      35
      36
      37
      38
      39
      40
      41
      42
      43
      44
      45
      46
      47
      48
      49
      50
      51
      52
      53
      54
      55
      56
      57
      58
      59
      60
      61
      62
      63
      64
      65
      66
      67
      68
      69
      70
      71
      72
      73
      74
      75
      76
      77
      78
      79
      80
      81
      82
      83
      84
      85
      86
      87
      88
      89
      90
      91
      92
      93
      94
      95
      96
      97
      98
      99
     100
     101
     102
     103
     104
     105
     106
     107
     108
     109
     110
     111
     112
     113
     114
     115
     116
     117
     118
     119
     120
     121
     122
     123
     124
     125
     126
     127
     128
     129
     130
     131
     132
     133
     134
     135
     136
     137
     138
     139
     140
     141
     142
     143
     144
     145
     146
     147
     148
     149
     150
     151
     152
     153
     154
     155
     156
     157
     158
     159
     160
     161
     162
     163
     164
     165
     166
     167
     168
     169
     170
     171
     172
     173
     174
     175
     176
     177
     178
     179
     180
     181
     182
     183
     184
     185
     186
     187
     188
     189
     190
     191
     192
     193
     194
     195
     196
     197
     198
     199
     200
     201
     202
     203
     204
     205
     206
     207
     208
     209
     210
     211
     212
     213
     214
     215
     216
     217
     218
     219
     220
     221
     222
     223
     224
     225
     226
     227
     228
     229
     230
     231
     232
     233
     234
     235
     236
     237
     238
     239
     240
     241
     242
     243
     244
     245
     246
     247
     248
     249
     250
     251
     252
     253
     254
     255
     256
     257
     258
     259
     260
     261
     262
     263
     264
     265
     266
     267
     268
     269
     270
     271
     272
     273
     274
     275
     276
     277
     278
     279
     280
     281
     282
     283
     284
     285
     286
     287
     288
     289
     290
     291
     292
     293
     294
     295
     296
     297
     298
     299
     300
     301
     302
     303
     304
     305
     306
     307
     308
     309
     310
     311
     312
     313
     314
     315
     316
     317
     318
     319
     320
     321
     322
     323
     324
     325
     326
     327
     328
     329
     330
     331
     332
     333
     334
     335
     336
     337
     338
     339
     340
     341
     342
     343
     344
     345
     346
     347
     348
     349
     350
     351
     352
     353
     354
     355
     356
     357
     358
     359
     360
     361
     362
     363
     364
     365
     366
     367
     368
     369
     370
     371
     372
     373
     374
     375
     376
     377
     378
     379
     380
     381
     382
     383
     384
     385
     386
     387
     388
     389
     390
     391
     392
     393
     394
     395
     396
     397
     398
     399
     400
     401
     402
     403
     404
     405
     406
     407
     408
     409
     410
     411
     412
     413
     414
     415
     416
     417
     418
     419
     420
     421
     422
     423
     424
     425
     426
     427
     428
     429
     430
     431
     432
     433
     434
     435
     436
     437
     438
     439
     440
     441
     442
     443
     444
     445
     446
     447
     448
     449
     450
     451
     452
     453
     454
     455
     456
     457
     458
     459
     460
     461
     462
     463
     464
     465
     466
     467
     468
     469
     470
     471
     472
     473
     474
     475
     476
     477
     478
     479
     480
     481
     482
     483
     484
     485
     486
     487
     488
     489
     490
     491
     492
     493
     494
     495
     496
     497
     498
     499
     500
     501
     502
     503
     504
     505
     506
     507
     508
     509
     510
     511
     512
     513
     514
     515
     516
     517
     518
     519
     520
     521
     522
     523
     524
     525
     526
     527
     528
     529
     530
     531
     532
     533
     534
     535
     536
     537
     538
     539
     540
     541
     542
     543
     544
     545
     546
     547
     548
     549
     550
     551
     552
     553
     554
     555
     556
     557
     558
     559
     560
     561
     562
     563
     564
     565
     566
     567
     568
     569
     570
     571
     572
     573
     574
     575
     576
     577
     578
     579
     580
     581
     582
     583
     584
     585
     586
     587
     588
     589
     590
     591
     592
     593
     594
     595
     596
     597
     598
     599
     600
     601
     602
     603
     604
     605
     606
     607
     608
     609
     610
     611
     612
     613
     614
     615
     616
     617
     618
     619
     620
     621
     622
     623
     624
     625
     626
     627
     628
     629
     630
     631
     632
     633
     634
     635
     636
     637
     638
     639
     640
     641
     642
     643
     644
     645
     646
     647
     648
     649
     650
     651
     652
     653
     654
     655
     656
     657
     658
     659
     660
     661
     662
     663
     664
     665
     666
     667
     668
     669
     670
     671
     672
     673
     674
     675
     676
     677
     678
     679
     680
     681
     682
     683
     684
     685
     686
     687
     688
     689
     690
     691
     692
     693
     694
     695
     696
     697
     698
     699
     700
     701
     702
     703
     704
     705
     706
     707
     708
     709
     710
     711
     712
     713
     714
     715
     716
     717
     718
     719
     720
     721
     722
     723
     724
     725
     726
     727
     728
     729
     730
     731
     732
     733
     734
     735
     736
     737
     738
     739
     740
     741
     742
     743
     744
     745
     746
     747
     748
     749
     750
     751
     752
     753
     754
     755
     756
     757
     758
     759
     760
     761
     762
     763
     764
     765
     766
     767
     768
     769
     770
     771
     772
     773
     774
     775
     776
     777
     778
     779
     780
     781
     782
     783
     784
     785
     786
     787
     788
     789
     790
     791
     792
     793
     794
     795
     796
     797
     798
     799
     800
     801
     802
     803
     804
     805
     806
     807
     808
     809
     810
     811
     812
     813
     814
     815
     816
     817
     818
     819
     820
     821
     822
     823
     824
     825
     826
     827
     828
     829
     830
     831
     832
     833
     834
     835
     836
     837
     838
     839
     840
     841
     842
     843
     844
     845
     846
     847
     848
     849
     850
     851
     852
     853
     854
     855
     856
     857
     858
     859
     860
     861
     862
     863
     864
     865
     866
     867
     868
     869
     870
     871
     872
     873
     874
     875
     876
     877
     878
     879
     880
     881
     882
     883
     884
     885
     886
     887
     888
     889
     890
     891
     892
     893
     894
     895
     896
     897
     898
     899
     900
     901
     902
     903
     904
     905
     906
     907
     908
     909
     911
     912
     913
     914
     915
     916
     917
     918
     919
     920
     921
     922
     923
     924
     925
     926
     927
     928
     929
     930
     931
     932
     933
     934
     935
     936
     937
     938
     939
     940
     941
     943
     944
     945
     946
     947
     948
     949
     950
     951
     952
     953
     954
     955
     956
     957
     958
     959
     960
     961
     962
     963
     964
     965
     967
     968
     969
     970
     971
     972
     973
     974
     975
     976
     977
     978
     979
     980
     981
     982
     983
     984
     985
     986
     987
     988
     989
     990
     991
     992
     993
     994
     995
     996
     997
     998
     999
    1000
    1001
    1002
    1003
    1004
    1005
    1006
    1007
    1008
    1009
    1010
    1011
    1012
    1013
    1014
    1015
    1016
    1017
    1018
    1019
    1020
    1021
    1022
    1023
    1024
    1025
    1026
    1027
    1030
    1031
    1032
    1033
    1034
    1035
    1036
    1037
    1038
    1039
    1040
    1041
    1042
    1043
    1044
    1045
    1046
    1047
    1048
    1049
    1050
    1051
    1052
    1053
    1054
    1055
    1056
    1057
    1058
    1060
    1061
    1062
    1063
    1064
    1065
    1066
    1067
    1068
    1069
    1070
    1071
    1072
    1073
    1074
    1075
    1076
    1077
    1078
    1079
    1080
    1081
    1082
    1083
    1084
    1085
    1086
    1087
    1088
    1090
    1091
    1092
    1093
    1094
    1095
    1096
    1097
    1098
    1099
    1101
    1102
    1103
    1104
    1105
    1106
    1107
    1108
    1109
    1110
    1111
    1112
    1113
    1114
    1115
    1116
    1117
    1120
    1121
    1122
    1123
    1124
    1125
    1126
    1127
    1128
    1129
    1130
    1131
    1132
    1133
    1134
    1135
    1136
    1137
    1138
    1139
    1140
    1141
    1142
    1143
    1144
    1145
    1146
    1147
    1148
    1149
    1155
    1156
    1157
    1158
    1159
    1160
    1161
    1162
    1163
    1164
    1166
    1167
    1168
    1169
    1170
    1171
    1172
    1173
    1174
    1175
    1176
    1177
    1178
    1179
    1180
    1181
    1182
    1185
    1186
    1187
    1188
    1189
    1190
    1191
    1192
    1193
    1194
    1195
    1196
    1197
    1198
    1199
    1200
    1201
    1202
    1203
    1204
    1205
    1206
    1207
    1208
    1209
    1210
    1211
    1212
    1213
    1214
    1215
    1216
    1219
    1220
    1221
    1222
    1223
    1224
    1225
    1226
    1227
    1229
    1230
    1231
    1232
    1233
    1234
    1235
    1236
    1237
    1238
    1239
    1240
    1241
    1242
    1243
    1244
    1245
    1246
    1247
    1249
    1250
    1251
    1252
    1253
    1254
    1258
    1259
    1260
    1261
    1262
    1263
    1264
    1265
    1266
    1267
    1269
    1270
    1271
    1272
    1273
    1274
    1275
    1276
    1277
    1278
    1279
    1280
    1283
    1284
    1285
    1286
    1287
    1290
    1291
    1292
    1293
    1294
    1297
    1298
    1299
    1300
    1301
    1302
    1303
    1304
    1305
    1306
    1307
    1309
    1310
    1311
    1312
    1313
    1314
    1315
    1318
    1319
    1320
    1321
    1322
    1323
    1324
    1325
    1326
    1327
    1328
    1329
    1330
    1331
    1332
    1333
    1335
    1336
    1337
    1338
    1339
    1340
    1341
    1342
    1343
    1344
    1345
    1346
    1347
    1348
    1349
    1350
    1351
    1352
    1356
    1357
    1358
    1359
    1360
    1361
    1362
    1363
    1364
    1365
    1367
    1368
    1369
    1370
    1371
    1376
    1377
    1378
    1379
    1380
    1381
    1382
    1383
    1388
    1389
    1390
    1391
    1392
    1393
    1394
    1395
    1396
    1399
    1400
    1401
    1402
    1403
    1406
    1407
    1408
    1409
    1410
    1411
    1412
    1417
    1418
    1419
    1420
    1423
    1424
    1425
    1426
    1427
    1428
    1429
    1430
    1431
    1432
    1433
    1434
    1435
    1437
    1438
    1439
    1440
    1441
    1442
    1443
    1444
    1445
    1446
    1447
    1448
    1449
    1450
    1451
    1452
    1453
    1454
    1457
    1458
    1459
    1460
    1461
    1462
    1463
    1464
    1465
    1466
    1467
    1468
    1472
    1473
    1474
    1475
    1476
    1479
    1480
    1481
    1482
    1483
    1484
    1485
    1489
    1490
    1491
    1492
    1493
    1494
    1497
    1498
    1499
    1500
    1501
    1502
    1505
    1508
    1509
    1510
    1511
    1512
    1513
    1517
    1521
    1522
    1523
    1524
    1525
    1526
    1527
    1528
    1529
    1530
    1532
    1533
    1534
    1536
    1537
    1538
    1539
    1540
    1541
    1545
    1546
    1547
    1548
    1549
    1550
    1551
    1552
    1553
    1554
    1555
    1564
    1565
    1566
    1567
    1568
    1569
    1570
    1573
    1574
    1576
    1577
    1578
    1579
    1580
    1581
    1583
    1584
    1585
    1588
    1589
    1590
    1591
    1592
    1593
    1594
    1595
    1596
    1598
    1599
    1600
    1603
    1604
    1605
    1606
    1607
    1608
    1609
    1610
    1611
    1612
    1613
    1614
    1617
    1618
    1619
    1620
    1621
    1622
    1623
    1624
    1625
    1626
    1627
    1628
    1629
    1633
    1634
    1635
    1636
    1637
    1638
    1639
    1640
    1642
    1643
    1644
    1645
    1646
    1647
    1648
    1649
    1652
    1653
    1654
    1655
    1656
    1657
    1658
    1659
    1660
    1661
    1662
    1665
    1666
    1671
    1672
    1673
    1674
    1675
    1676
    1677
    1678
    1679
    1680
    1681
    1685
    1686
    1687
    1691
    1692
    1693
    1694
    1695
    1696
    1700
    1701
    1702
    1703
    1704
    1705
    1710
    1711
    1712
    1713
    1716
    1717
    1718
    1719
    1720
    1722
    1723
    1724
    1725
    1726
    1727
    1728
    1729
    1730
    1731
    1733
    1734
    1735
    1736
    1737
    1738
    1739
    1740
    1743
    1744
    1745
    1746
    1747
    1748
    1749
    1750
    1751
    1752
    1753
    1754
    1755
    1756
    1757
    1758
    1762
    1763
    1764
    1765
    1766
    1767
    1768
    1769
    1770
    1773
    1774
    1775
    1776
    1777
    1780
    1781
    1782
    1783
    1784
    1785
    1786
    1788
    1789
    1790
    1793
    1794
    1795
    1796
    1797
    1798
    1799
    1803
    1804
    1805
    1806
    1807
    1808
    1809
    1810
    1811
    1812
    1813
    1814
    1815
    1816
    1817
    1818
    1822
    1824
    1825
    1826
    1827
    1828
    1829
    1830
    1831
    1832
    1833
    1834
    1842
    1843
    1844
    1845
    1846
    1851
    1852
    1853
    1854
    1855
    1856
    1857
    1858
    1859
    1860
    1861
    1862
    1863
    1864
    1869
    1870
    1871
    1872
    1873
    1874
    1875
    1878
    1879
    1880
    1883
    1884
    1885
    1886
    1892
    1893
    1894
    1895
    1896
    1897
    1902
    1903
    1904
    1905
    1906
    1907
    1908
    1909
    1915
    1916
    1917
    1918
    1920
    1921
    1922
    1923
    1924
    1925
    1926
    1927
    1928
    1929
    1930
    1931
    1932
    1933
    1934
    1937
    1938
    1939
    1940
    1941
    1942
    1943
    1944
    1945
    1946
    1950
    1951
    1952
    1953
    1958
    1959
    1960
    1961
    1962
    1963
    1964
    1965
    1966
    1967
    1969
    1970
    1971
    1972
    1973
    1974
    1980
    1981
    1982
    1983
    1984
    1985
    1986
    1987
    1988
    1990
    1991
    1992
    1993
    1994
    1995
    1996
    1997
    1998
    1999
    2000
    2001
    2002
    2005
    2006
    2007
    2008
    2009
    2010
    2016
    2017
    2018
    2019
    2020
    2021
    2022
    2027
    2029
    2030
    2031
    2032
    2033
    2034
    2035
    2036
    2037
    2038
    2039
    2040
    2041
    2048
    2049
    2050
    2051
    2052
    2057
    2058
    2059
    2060
    2061
    2062
    2063
    2064
    2066
    2067
    2068
    2072
    2073
    2074
    2075
    2076
    2077
    2078
    2082
    2083
    2084
    2085
    2086
    2087
    2088
    2089
    2090
    2095
    2096
    2097
    2098
    2101
    2102
    2103
    2104
    2105
    2106
    2112
    2113
    2114
    2115
    2116
    2117
    2118
    2119
    2124
    2125
    2126
    2127
    2128
    2129
    2130
    2131
    2135
    2136
    2137
    2138
    2139
    2140
    2141
    2146
    2147
    2148
    2149
    2150
    2151
    2152
    2153
    2154
    2155
    2156
    2157
    2158
    2159
    2160
    2161
    2162
    2171
    2172
    2175
    2176
    2177
    2178
    2179
    2180
    2181
    2182
    2183
    2184
    2185
    2187
    2188
    2189
    2190
    2191
    2192
    2193
    2198
    2199
    2200
    2201
    2202
    2203
    2204
    2205
    2206
    2212
    2215
    2216
    2217
    2218
    2219
    2220
    2221
    2225
    2226
    2230
    2231
    2232
    2233
    2239
    2240
    2241
    2248
    2249
    2250
    2251
    2252
    2253
    2254
    2259
    2260
    2261
    2262
    2263
    2264
    2265
    2266
    2268
    2269
    2270
    2271
    2272
    2273
    2274
    2275
    2276
    2277
    2284
    2285
    2286
    2287
    2288
    2289
    2296
    2297
    2298
    2299
    2300
    2301
    2304
    2305
    2306
    2307
    2308
    2309
    2310
    2311
    2313
    2314
    2315
    2316
    2317
    2318
    2319
    2320
    2321
    2322
    2329
    2330
    2331
    2332
    2333
    2334
    2339
    2340
    2341
    2342
    2343
    2344
    2345
    2346
    2347
    2348
    2349
    2351
    2352
    2353
    2354
    2355
    2356
    2357
    2361
    2362
    2363
    2364
    2365
    2366
    2367
    2368
    2369
    2370
    2378
    2379
    2384
    2385
    2386
    2387
    2388
    2389
    2390
    2391
    2395
    2396
    2397
    2398
    2399
    2400
    2401
    2405
    2406
    2407
    2408
    2409
    2410
    2411
    2412
    2419
    2420
    2421
    2422
    2423
    2424
    2432
    2433
    2434
    2435
    2436
    2437
    2438
    2439
    2440
    2441
    2442
    2445
    2446
    2447
    2448
    2449
    2450
    2451
    2454
    2455
    2456
    2457
    2458
    2459
    2460
    2461
    2462
    2463
    2467
    2468
    2469
    2470
    2471
    2472
    2473
    2474
    2475
    2476
    2480
    2481
    2482
    2483
    2484
    2489
    2490
    2491
    2492
    2493
    2494
    2498
    2499
    2500
    2501
    2502
    2503
    2504
    2505
    2515
    2516
    2517
    2518
    2519
    2520
    2521
    2525
    2528
    2529
    2530
    2535
    2536
    2537
    2539
    2540
    2541
    2542
    2543
    2544
    2545
    2546
    2552
    2553
    2554
    2555
    2556
    2557
    2558
    2559
    2560
    2561
    2568
    2569
    2570
    2571
    2572
    2573
    2574
    2580
    2581
    2582
    2583
    2584
    2585
    2586
    2588
    2589
    2591
    2592
    2593
    2594
    2595
    2596
    2597
    2602
    2603
    2604
    2605
    2606
    2607
    2608
    2609
    2610
    2618
    2626
    2627
    2628
    2629
    2630
    2636
    2637
    2638
    2639
    2640
    2641
    2650
    2651
    2652
    2653
    2654
    2655
    2656
    2657
    2658
    2659
    2665
    2666
    2667
    2668
    2669
    2670
    2676
    2677
    2678
    2679
    2680
    2681
    2682
    2683
    2684
    2685
    2690
    2691
    2695
    2696
    2697
    2698
    2703
    2704
    2705
    2706
    2712
    2713
    2714
    2715
    2716
    2717
    2718
    2719
    2720
    2721
    2728
    2729
    2730
    2731
    2732
    2733
    2734
    2735
    2736
    2737
    2746
    2747
    2748
    2749
    2750
    2751
    2752
    2753
    2754
    2760
    2761
    2762
    2763
    2765
    2770
    2771
    2772
    2773
    2774
    2775
    2782
    2783
    2784
    2785
    2786
    2787
    2791
    2792
    2793
    2794
    2795
    2796
    2797
    2798
    2799
    2800
    2801
    2802
    2812
    2813
    2814
    2815
    2816
    2817
    2818
    2819
    2825
    2831
    2832
    2833
    2834
    2835
    2849
    2850
    2851
    2861
    2862
    2863
    2864
    2865
    2866
    2867
    2872
    2877
    2878
    2886
    2887
    2888
    2889
    2890
    2891
    2892
    2893
    2894
    2898
    2899
    2900
    2901
    2902
    2903
    2909
    2910
    2911
    2912
    2913
    2920
    2922
    2923
    2924
    2925
    2926
    2927
    2928
    2934
    2935
    2936
    2937
    2938
    2939
    2940
    2941
    2942
    2954
    2955
    2956
    2957
    2958
    2959
    2960
    2961
    2962
    2963
    2964
    2965
    2969
    2970
    2975
    2976
    2977
    2978
    2984
    2985
    2986
    2987
    2988
    2989
    2990
    2996
    2997
    2998
    2999
    3000
    3001
    3008
    3009
    3010
    3011
    3020
    3023
    3025
    3026
    3027
    3035
    3036
    3037
    3038
    3039
    3040
    3048
    3049
    3050
    3051
    3052
    3053
    3060
    3061
    3062
    3063
    3067
    3068
    3069
    3070
    3071
    3072
    3083
    3084
    3085
    3086
    3087
    3088
    3089
    3099
    3100
    3101
    3102
    3103
    3113
    3118
    3119
    3120
    3121
    3122
    3123
    3124
    3129
    3130
    3131
    3132
    3133
    3134
    3137
    3138
    3139
    3140
    3141
    3142
    3143
    3146
    3147
    3148
    3149
    3150
    3151
    3152
    3161
    3162
    3163
    3164
    3165
    3166
    3167
    3171
    3172
    3173
    3174
    3175
    3176
    3177
    3178
    3186
    3187
    3188
    3189
    3190
    3191
    3200
    3201
    3202
    3203
    3204
    3214
    3215
    3216
    3217
    3218
    3219
    3229
    3230
    3231
    3232
    3233
    3234
    3235
    3236
    3237
    3238
    3245
    3246
    3247
    3248
    3249
    3250
    3251
    3252
    3258
    3259
    3260
    3261
    3268
    3269
    3270
    3274
    3275
    3276
    3277
    3278
    3279
    3282
    3283
    3284
    3285
    3286
    3296
    3297
    3298
    3303
    3305
    3306
    3314
    3325
    3326
    3327
    3328
    3335
    3336
    3337
    3338
    3345
    3346
    3347
    3348
    3349
    3350
    3351
    3355
    3356
    3357
    3358
    3368
    3369
    3370
    3371
    3372
    3373
    3383
    3384
    3392
    3393
    3394
    3395
    3396
    3397
    3402
    3403
    3404
    3405
    3406
    3407
    3408
    3409
    3410
    3413
    3414
    3415
    3416
    3420
    3424
    3425
    3426
    3432
    3433
    3434
    3435
    3448
    3449
    3450
    3455
    3456
    3457
    3458
    3459
    3465
    3466
    3467
    3474
    3478
    3479
    3480
    3481
    3482
    3492
    3493
    3494
    3495
    3501
    3502
    3503
    3505
    3510
    3511
    3512
    3513
    3518
    3519
    3520
    3521
    3522
    3528
    3529
    3530
    3531
    3532
    3533
    3544
    3545
    3556
    3557
    3558
    3559
    3562
    3566
    3567
    3568
    3569
    3570
    3574
    3575
    3576
    3577
    3584
    3585
    3586
    3595
    3596
    3602
    3603
    3604
    3605
    3606
    3607
    3613
    3614
    3622
    3623
    3624
    3625
    3626
    3627
    3628
    3632
    3637
    3638
    3639
    3644
    3645
    3646
    3647
    3655
    3656
    3657
    3658
    3659
    3668
    3669
    3674
    3683
    3684
    3685
    3691
    3692
    3697
    3699
    3709
    3710
    3717
    3718
    3719
    3720
    3724
    3725
    3726
    3727
    3730
    3731
    3732
    3736
    3737
    3738
    3739
    3740
    3746
    3747
    3748
    3756
    3757
    3758
    3759
    3760
    3767
    3768
    3769
    3770
    3779
    3780
    3781
    3782
    3791
    3792
    3793
    3794
    3795
    3799
    3800
    3809
    3814
    3817
    3823
    3826
    3829
    3830
    3831
    3832
    3833
    3834
    3839
    3848
    3849
    3850
    3851
    3852
    3858
    3859
    3866
    3867
    3874
    3875
    3876
    3881
    3882
    3883
    3884
    3889
    3890
    3891
    3892
    3893
    3894
    3895
    3899
    3900
    3901
    3906
    3907
    3908
    3909
    3910
    3911
    3912
    3917
    3931
    3932
    3933
    3934
    3944
    3945
    3946
    3959
    3960
    3961
    3962
    3968
    3969
    3970
    3980
    3987
    3988
    3989
    3990
    3991
    3992
    4000
    4001
    4007
    4008
    4009
    4010
    4011
    4016
    4022
    4023
    4024
    4028
    4029
    4030
    4035
    4036
    4037
    4038
    4044
    4045
    4047
    4048
    4049
    4050
    4053
    4054
    4055
    4056
    4063
    4064
    4071
    4072
    4073
    4085
    4092
    4093
    4097
    4098
    4099
    4111
    4116
    4125
    4130
    4131
    4132
    4133
    4134
    4135
    4138
    4139
    4146
    4147
    4155
    4156
    4157
    4158
    4159
    4165
    4170
    4171
    4172
    4181
    4183
    4184
    4194
    4195
    4205
    4208
    4209
    4210
    4220
    4221
    4222
    4223
    4224
    4232
    4233
    4234
    4235
    4239
    4240
    4241
    4246
    4247
    4248
    4249
    4250
    4260
    4261
    4266
    4267
    4276
    4289
    4290
    4294
    4295
    4304
    4309
    4312
    4317
    4318
    4323
    4324
    4330
    4331
    4339
    4340
    4345
    4354
    4355
    4364
    4365
    4376
    4380
    4381
    4382
    4387
    4388
    4389
    4400
    4401
    4402
    4407
    4408
    4409
    4423
    4424
    4425
    4441
    4442
    4449
    4455
    4461
    4462
    4466
    4468
    4477
    4478
    4479
    4480
    4484
    4485
    4490
    4500
    4510
    4511
    4512
    4516
    4520
    4530
    4531
    4542
    4555
    4567
    4568
    4577
    4598
    4601
    4602
    4625
    5002
    5006
    5007
    5012
    5013
    5017
    5019
    5020
    5021
    5023
    5024
    5025
    5026
    5027
    5028
    5029
    5030
    5032
    5034
    5035
    5036
    5037
    5038
    5039
    5040
    5043
    5046
    5050
    5051
    5054
    5055
    5059
    5060
    5061
    5063
    5064
    5065
    5067
    5069
    5073
    5075
    5076
    5077
    5078
    5082
    5083
    5088
    5089
    5090
    5092
    5093
    5094
    5096
    5097
    5099
    5100
    5102
    5105
    5106
    5107
    5108
    5111
    5112
    5116
    5117
    5118
    5119
    5122
    5125
    5129
    5130
    5131
    5132
    5134
    5135
    5137
    5138
    5140
    5141
    5143
    5145
    5147
    5148
    5150
    5153
    5155
    5156
    5157
    5160
    5165
    5167
    5168
    5169
    5170
    5173
    5175
    5176
    5177
    5178
    5188
    5189
    5191
    5192
    5198
    5202
    5204
    5206
    5208
    5209
    5210
    5212
    5213
    5214
    5215
    5221
    5222
    5223
    5224
    5228
    5229
    5231
    5232
    5234
    5235
    5236
    5238
    5239
    5240
    5241
    5243
    5244
    5245
    5246
    5248
    5249
    5251
    5252
    5254
    5255
    5256
    5258
    5259
    5262
    5263
    5264
    5265
    5266
    5270
    5272
    5273
    5276
    5277
    5278
    5279
    5280
    5282
    5283
    5284
    5286
    5291
    5292
    5293
    5294
    5297
    5299
    5300
    5302
    5303
    5305
    5307
    5311
    5314
    5315
    5319
    5320
    5321
    5322
    5323
    5326
    5327
    5330
    5331
    5337
    5341
    5348
    5349
    5356
    5357
    5361
    5365
    5371
    5372
    5373
    5375
    5382
    5384
    5387
    5388
    5389
    5391
    5393
    5396
    5399
    5400
    5401
    5402
    5407
    5408
    5409
    5410
    5411
    5412
    5414
    5415
    5416
    5418
    5420
    5421
    5422
    5423
    5424
    5426
    5429
    5430
    5431
    5432
    5433
    5434
    5435
    5436
    5437
    5438
    5439
    5440
    5441
    5442
    5443
    5444
    5445
    5446
    5447
    5448
    5449
    5450
    5451
    5452
    5453
    5454
    5455
    5456
    5457
    5458
    5459
    5460
    5461
    5462
    5463
    5464
    5466
    5467
    5468
    5470
    5471
    5472
    5473
    5474
    5475
    5476
    5477
    5478
    5480
    5481
    5482
    5484
    5485
    5486
    5487
    5489
    5490
    5491
    5494
    5497
    5498
    5508
    5510
    5511
    5513
    5522
    5523
    5524
    5525
    5526
    5527
    5528
    5529
    5530
    5531
    5532
    5533
    5534
    5535
    5536
    5537
    5538
    5539
    5540
    5541
    5542
    5548
    5549
    5550
    5551
    5552
    5553
    5554
    5555
    5556
    5559
    5560
    5561
    5562
    5563
    5564
    5565
    5566
    5567
    5568
    5569
    5570
    5571
    5572
    5573
    5574
    5575
    5576
    5577
    5578
    5579
    5580
    5587
    5588
    5594
    5596
    5598
    5599
    5602
    5604
    5605
    5606
    5607
    5608
    5610
    5611
    5613
    5614
    5615
    5617
    5618
    5621
    5622
    5624
    5627
    5628
    5632
    5633
    5635
    5642
    5647
    5648
    5649
    5650
    5651
    5652
    5653
    5654
    5655
    5656
    5657
    5658
    5659
    5660
    5661
    5663
    5664
    5666
    5667
    5668
    5669
    5670
    5672
    5673
    5674
    5676
    5677
    5678
    5680
    5681
    5688
    5689
    5691
    5692
    5693
    5694
    5695
    5697
    5700
    5701
    5702
    5703
    5704
    5706
    5707
    5708
    5709
    5710
    5712
    5713
    5714
    5718
    5719
    5720
    5721
    5723
    5724
    5725
    5730
    5732
    5734
    5735
    5738
    5740
    5742
    5743
    5746
    5748
    5749
    5750
    5751
    5753
    5754
    5755
    5757
    5758
    5759
    5760
    5763
    5765
    5767
    5769
    5770
    5771
    5773
    5775
    5776
    5777
    5778
    5780
    5782
    5783
    5785
    5786
    5790
    5795
    5797
    5798
    5800
    5801
    5802
    5805
    5807
    5808
    5811
    5812
    5818
    5820
    5822
    5823
    5824
    5826
    5827
    5828
    5829
    5830
    5831
    5834
    5837
    5838
    5840
    5841
    5846
    5849
    5850
    5853
    5854
    5855
    5856
    5857
    5859
    5860
    5861
    5862
    5864
    5865
    5867
    5868
    5869
    5872
    5873
    5876
    5877
    5878
    5879
    5880
    5881
    5882
    5884
    5885
    5887
    5888
    5889
    5895
    5897
    5899
    5901
    5902
    5903
    5904
    5905
    5906
    5907
    5910
    5911
    5912
    5915
    5917
    5918
    5920
    5922
    5923
    5924
    5925
    5926
    5927
    5930
    5931
    5934
    5935
    5936
    5941
    5942
    5943
    5944
    5945
    5946
    5947
    5948
    5949
    5950
    5952
    5953
    5956
    5958
    5961
    5964
    5966
    5969
    5970
    5973
    5974
    5975
    5976
    5978
    5980
    5982
    5983
    5985
    5986
    5987
    5989
    5993
    5994
    5997
    6000
    6001
    6002
    6005
    6006
    6007
    6008
    6009
    6011
    6012
    6017
    6018
    6019
    6026
    6027
    6029
    6030
    6034
    6038
    6039
    6041
    6042
    6043
    6044
    6049
    6050
    6051
    6057
    6059
    6060
    6063
    6064
    6068
    6069
    6070
    6071
    6076
    6081
    6083
    6085
    6088
    6089
    6099
    6100
    6101
    6102
    6105
    6106
    6107
    6108
    6110
    6111
    6112
    6114
    6115
    6116
    6117
    6119
    6120
    6124
    6125
    6126
    6128
    6129
    6131
    6132
    6133
    6134
    6135
    6136
    6137
    6138
    6140
    6141
    6142
    6144
    6145
    6146
    6147
    6148
    6150
    6151
    6152
    6153
    6155
    6157
    6158
    6160
    6162
    6165
    6166
    6167
    6170
    6176
    6177
    6179
    6180
    6182
    6183
    6185
    6186
    6188
    6189
    6191
    6192
    6193
    6196
    6197
    6198
    6199
    6200
    6201
    6202
    6205
    6207
    6210
    6211
    6214
    6216
    6217
    6218
    6219
    6220
    6222
    6223
    6224
    6225
    6226
    6227
    6228
    6230
    6232
    6233
    6234
    6235
    6238
    6243
    6245
    6246
    6247
    6249
    6250
    6252
    6253
    6254
    6255
    6256
    6257
    6258
    6259
    6261
    6262
    6267
    6268
    6273
    6274
    6276
    6277
    6278
    6279
    6282
    6283
    6285
    6287
    6288
    6289
    6290
    6291
    6292
    6293
    6295
    6296
    6298
    6299
    6300
    6305
    6308
    6309
    6312
    6313
    6314
    6315
    6316
    6317
    6318
    6320
    6321
    6322
    6324
    6326
    6328
    6329
    6330
    6331
    6332
    6334
    6335
    6336
    6337
    6338
    6339
    6341
    6342
    6343
    6344
    6345
    6346
    6347
    6349
    6350
    6351
    6352
    6353
    6355
    6356
    6358
    6361
    6362
    6366
    6368
    6369
    6371
    6373
    6374
    6376
    6377
    6378
    6379
    6380
    6382
    6386
    6387
    6388
    6391
    6393
    6395
    6396
    6398
    6402
    6403
    6405
    6408
    6410
    6412
    6413
    6414
    6416
    6419
    6420
    6421
    6422
    6423
    6424
    6425
    6431
    6432
    6434
    6437
    6439
    6440
    6442
    6444
    6445
    6448
    6452
    6453
    6455
    6457
    6458
    6460
    6461
    6463
    6465
    6467
    6468
    6469
    6471
    6472
    6476
    6479
    6482
    6487
    6488
    6489
    6490
    6492
    6493
    6495
    6497
    6498
    6500
    6501
    6503
    6504
    6505
    6510
    6515
    6516
    6519
    6523
    6524
    6525
    6526
    6529
    6531
    6534
    6535
    6537
    6538
    6539
    6540
    6541
    6542
    6543
    6544
    6545
    6548
    6549
    6550
    6551
    6552
    6553
    6554
    6557
    6559
    6562
    6564
    6569
    6570
    6572
    6573
    6574
    6577
    6579
    6581
    6582
    6585
    6587
    6588
    6590
    6591
    6592
    6593
    6594
    6595
    6596
    6597
    6599
    6601
    6602
    6603
    6605
    6606
    6608
    6609
    6610
    6611
    6614
    6615
    6616
    6617
    6618
    6619
    6620
    6621
    6622
    6623
    6624
    6625
    6626
    6627
    6630
    6631
    6633
    6636
    6638
    6641
    6642
    6648
    6650
    6651
    6653
    6654
    6660
    6661
    6664
    6665
    6666
    6667
    6668
    6669
    6670
    6671
    6672
    6673
    6674
    6675
    6676
    6677
    6679
    6681
    6682
    6683
    6684
    6685
    6686
    6687
    6688
    6690
    6691
    6692
    6693
    6694
    6695
    6700
    6701
    6702
    6707
    6708
    6709
    6712
    6713
    6714
    6717
    6718
    6721
    6722
    6724
    6725
    6727
    6729
    6730
    6732
    6733
    6735
    6737
    6739
    6740
    6742
    6744
    6746
    6747
    6749
    6751
    6752
    6755
    6756
    6757
    6759
    6761
    6764
    6767
    6769
    6771
    6773
    6774
    6775
    6776
    6777
    6779
    6780
    6781
    6784
    6786
    6788
    6790
    6791
    6792
    6793
    6795
    6796
    6797
    6798
    6799
    6803
    6804
    6805
    6806
    6807
    6811
    6812
    6815
    6817
    6820
    6821
    6823
    6824
    6825
    6826
    6827
    6828
    6829
    6830
    6831
    6832
    6833
    6837
    6838
    6839
    6841
    6842
    6845
    6848
    6849
    6850
    6851
    6854
    6855
    6857
    6858
    6860
    6861
    6862
    6864
    6866
    6867
    6868
    6869
    6871
    6873
    6874
    6875
    6878
    6880
    6881
    6882
    6883
    6885
    6886
    6888
    6889
    6890
    6891
    6892
    6893
    6897
    6900
    6901
    6902
    6903
    6905
    6906
    6907
    6908
    6911
    6912
    6913
    6914
    6915
    6918
    6920
    6921
    6922
    6923
    6924
    6926
    6927
    6934
    6935
    6937
    6938
    6940
    6941
    6944
    6946
    6947
    6948
    6950
    6952
    6957
    6961
    6962
    6963
    6972
    6973
    6974
    6976
    6979
    6980
    6981
    6983
    6986
    6987
    6991
    6992
    6995
    6996
    6997
    7004
    7005
    7006
    7007
    7012
    7013
    7017
    7018
    7020
    7021
    7022
    7024
    7025
    7026
    7028
    7029
    7030
    7031
    7032
    7035
    7037
    7038
    7039
    7040
    7041
    7042
    7045
    7046
    7047
    7048
    7050
    7051
    7052
    7053
    7054
    7055
    7056
    7057
    7058
    7060
    7061
    7065
    7067
    7068
    7069
    7070
    7071
    7072
    7073
    7075
    7077
    7080
    7081
    7085
    7088
    7089
    7091
    7092
    7093
    7094
    7095
    7097
    7098
    7099
    7100
    7101
    7103
    7104
    7106
    7107
    7110
    7112
    7114
    7115
    7116
    7119
    7120
    7121
    7123
    7124
    7125
    7126
    7127
    7130
    7131
    7132
    7133
    7134
    7135
    7136
    7139
    7141
    7142
    7145
    7146
    7147
    7148
    7149
    7150
    7152
    7153
    7154
    7156
    7157
    7163
    7164
    7165
    7167
    7171
    7174
    7176
    7179
    7180
    7181
    7183
    7185
    7187
    7188
    7189
    7190
    7191
    7192
    7193
    7194
    7195
    7196
    7199
    7200
    7201
    7202
    7205
    7206
    7207
    7208
    7211
    7214
    7215
    7216
    7217
    7218
    7220
    7222
    7224
    7225
    7226
    7228
    7229
    7230
    7232
    7233
    7235
    7237
    7240
    7242
    7243
    7244
    7245
    7246
    7248
    7249
    7251
    7252
    7254
    7255
    7256
    7257
    7259
    7260
    7261
    7262
    7264
    7266
    7268
    7269
    7270
    7272
    7273
    7274
    7275
    7276
    7280
    7282
    7283
    7285
    7287
    7289
    7290
    7291
    7292
    7293
    7298
    7301
    7302
    7303
    7305
    7306
    7307
    7312
    7313
    7315
    7317
    7319
    7321
    7322
    7323
    7325
    7326
    7327
    7329
    7330
    7331
    7332
    7334
    7336
    7337
    7338
    7339
    7340
    7343
    7345
    7347
    7348
    7349
    7352
    7354
    7356
    7358
    7360
    7361
    7363
    7365
    7368
    7369
    7372
    7373
    7374
    7376
    7377
    7379
    7380
    7383
    7384
    7385
    7387
    7388
    7389
    7390
    7394
    7395
    7396
    7398
    7399
    7400
    7401
    7403
    7404
    7406
    7407
    7408
    7410
    7413
    7415
    7416
    7418
    7419
    7420
    7422
    7424
    7425
    7428
    7429
    7434
    7435
    7437
    7438
    7439
    7440
    7445
    7446
    7447
    7448
    7449
    7451
    7456
    7457
    7461
    7462
    7463
    7464
    7466
    7467
    7470
    7471
    7472
    7473
    7475
    7477
    7478
    7479
