     910
     942
     966
    1028
    1029
    1059
    1089
    1100
    1118
    1119
    1150
    1151
    1152
    1153
    1154
    1165
    1183
    1184
    1217
    1218
    1228
    1248
    1255
    1256
    1257
    1268
    1281
    1282
    1288
    1289
    1295
    1296
    1308
    1316
    1317
    1334
    1353
    1354
    1355
    1366
    1372
    1373
    1374
    1375
    1384
    1385
    1386
    1387
    1397
    1398
    1404
    1405
    1413
    1414
    1415
    1416
    1421
    1422
    1436
    1455
    1456
    1469
    1470
    1471
    1477
    1478
    1486
    1487
    1488
    1495
    1496
    1503
    1504
    1506
    1507
    1514
    1515
    1516
    1518
    1519
    1520
    1531
    1535
    1542
    1543
    1544
    1556
    1557
    1558
    1559
    1560
    1561
    1562
    1563
    1571
    1572
    1575
    1582
    1586
    1587
    1597
    1601
    1602
    1615
    1616
    1630
    1631
    1632
    1641
    1650
    1651
    1663
    1664
    1667
    1668
    1669
    1670
    1682
    1683
    1684
    1688
    1689
    1690
    1697
    1698
    1699
    1706
    1707
    1708
    1709
    1714
    1715
    1721
    1732
    1741
    1742
    1759
    1760
    1761
    1771
    1772
    1778
    1779
    1787
    1791
    1792
    1800
    1801
    1802
    1819
    1820
    1821
    1823
    1835
    1836
    1837
    1838
    1839
    1840
    1841
    1847
    1848
    1849
    1850
    1865
    1866
    1867
    1868
    1876
    1877
    1881
    1882
    1887
    1888
    1889
    1890
    1891
    1898
    1899
    1900
    1901
    1910
    1911
    1912
    1913
    1914
    1919
    1935
    1936
    1947
    1948
    1949
    1954
    1955
    1956
    1957
    1968
    1975
    1976
    1977
    1978
    1979
    1989
    2003
    2004
    2011
    2012
    2013
    2014
    2015
    2023
    2024
    2025
    2026
    2028
    2042
    2043
    2044
    2045
    2046
    2047
    2053
    2054
    2055
    2056
    2065
    2069
    2070
    2071
    2079
    2080
    2081
    2091
    2092
    2093
    2094
    2099
    2100
    2107
    2108
    2109
    2110
    2111
    2120
    2121
    2122
    2123
    2132
    2133
    2134
    2142
    2143
    2144
    2145
    2163
    2164
    2165
    2166
    2167
    2168
    2169
    2170
    2173
    2174
    2186
    2194
    2195
    2196
    2197
    2207
    2208
    2209
    2210
    2211
    2213
    2214
    2222
    2223
    2224
    2227
    2228
    2229
    2234
    2235
    2236
    2237
    2238
    2242
    2243
    2244
    2245
    2246
    2247
    2255
    2256
    2257
    2258
    2267
    2278
    2279
    2280
    2281
    2282
    2283
    2290
    2291
    2292
    2293
    2294
    2295
    2302
    2303
    2312
    2323
    2324
    2325
    2326
    2327
    2328
    2335
    2336
    2337
    2338
    2350
    2358
    2359
    2360
    2371
    2372
    2373
    2374
    2375
    2376
    2377
    2380
    2381
    2382
    2383
    2392
    2393
    2394
    2402
    2403
    2404
    2413
    2414
    2415
    2416
    2417
    2418
    2425
    2426
    2427
    2428
    2429
    2430
    2431
    2443
    2444
    2452
    2453
    2464
    2465
    2466
    2477
    2478
    2479
    2485
    2486
    2487
    2488
    2495
    2496
    2497
    2506
    2507
    2508
    2509
    2510
    2511
    2512
    2513
    2514
    2522
    2523
    2524
    2526
    2527
    2531
    2532
    2533
    2534
    2538
    2547
    2548
    2549
    2550
    2551
    2562
    2563
    2564
    2565
    2566
    2567
    2575
    2576
    2577
    2578
    2579
    2587
    2590
    2598
    2599
    2600
    2601
    2611
    2612
    2613
    2614
    2615
    2616
    2617
    2619
    2620
    2621
    2622
    2623
    2624
    2625
    2631
    2632
    2633
    2634
    2635
    2642
    2643
    2644
    2645
    2646
    2647
    2648
    2649
    2660
    2661
    2662
    2663
    2664
    2671
    2672
    2673
    2674
    2675
    2686
    2687
    2688
    2689
    2692
    2693
    2694
    2699
    2700
    2701
    2702
    2707
    2708
    2709
    2710
    2711
    2722
    2723
    2724
    2725
    2726
    2727
    2738
    2739
    2740
    2741
    2742
    2743
    2744
    2745
    2755
    2756
    2757
    2758
    2759
    2764
    2766
    2767
    2768
    2769
    2776
    2777
    2778
    2779
    2780
    2781
    2788
    2789
    2790
    2803
    2804
    2805
    2806
    2807
    2808
    2809
    2810
    2811
    2820
    2821
    2822
    2823
    2824
    2826
    2827
    2828
    2829
    2830
    2836
    2837
    2838
    2839
    2840
    2841
    2842
    2843
    2844
    2845
    2846
    2847
    2848
    2852
    2853
    2854
    2855
    2856
    2857
    2858
    2859
    2860
    2868
    2869
    2870
    2871
    2873
    2874
    2875
    2876
    2879
    2880
    2881
    2882
    2883
    2884
    2885
    2895
    2896
    2897
    2904
    2905
    2906
    2907
    2908
    2914
    2915
    2916
    2917
    2918
    2919
    2921
    2929
    2930
    2931
    2932
    2933
    2943
    2944
    2945
    2946
    2947
    2948
    2949
    2950
    2951
    2952
    2953
    2966
    2967
    2968
    2971
    2972
    2973
    2974
    2979
    2980
    2981
    2982
    2983
    2991
    2992
    2993
    2994
    2995
    3002
    3003
    3004
    3005
    3006
    3007
    3012
    3013
    3014
    3015
    3016
    3017
    3018
    3019
    3021
    3022
    3024
    3028
    3029
    3030
    3031
    3032
    3033
    3034
    3041
    3042
    3043
    3044
    3045
    3046
    3047
    3054
    3055
    3056
    3057
    3058
    3059
    3064
    3065
    3066
    3073
    3074
    3075
    3076
    3077
    3078
    3079
    3080
    3081
    3082
    3090
    3091
    3092
    3093
    3094
    3095
    3096
    3097
    3098
    3104
    3105
    3106
    3107
    3108
    3109
    3110
    3111
    3112
    3114
    3115
    3116
    3117
    3125
    3126
    3127
    3128
    3135
    3136
    3144
    3145
    3153
    3154
    3155
    3156
    3157
    3158
    3159
    3160
    3168
    3169
    3170
    3179
    3180
    3181
    3182
    3183
    3184
    3185
    3192
    3193
    3194
    3195
    3196
    3197
    3198
    3199
    3205
    3206
    3207
    3208
    3209
    3210
    3211
    3212
    3213
    3220
    3221
    3222
    3223
    3224
    3225
    3226
    3227
    3228
    3239
    3240
    3241
    3242
    3243
    3244
    3253
    3254
    3255
    3256
    3257
    3262
    3263
    3264
    3265
    3266
    3267
    3271
    3272
    3273
    3280
    3281
    3287
    3288
    3289
    3290
    3291
    3292
    3293
    3294
    3295
    3299
    3300
    3301
    3302
    3304
    3307
    3308
    3309
    3310
    3311
    3312
    3313
    3315
    3316
    3317
    3318
    3319
    3320
    3321
    3322
    3323
    3324
    3329
    3330
    3331
    3332
    3333
    3334
    3339
    3340
    3341
    3342
    3343
    3344
    3352
    3353
    3354
    3359
    3360
    3361
    3362
    3363
    3364
    3365
    3366
    3367
    3374
    3375
    3376
    3377
    3378
    3379
    3380
    3381
    3382
    3385
    3386
    3387
    3388
    3389
    3390
    3391
    3398
    3399
    3400
    3401
    3411
    3412
    3417
    3418
    3419
    3421
    3422
    3423
    3427
    3428
    3429
    3430
    3431
    3436
    3437
    3438
    3439
    3440
    3441
    3442
    3443
    3444
    3445
    3446
    3447
    3451
    3452
    3453
    3454
    3460
    3461
    3462
    3463
    3464
    3468
    3469
    3470
    3471
    3472
    3473
    3475
    3476
    3477
    3483
    3484
    3485
    3486
    3487
    3488
    3489
    3490
    3491
    3496
    3497
    3498
    3499
    3500
    3504
    3506
    3507
    3508
    3509
    3514
    3515
    3516
    3517
    3523
    3524
    3525
    3526
    3527
    3534
    3535
    3536
    3537
    3538
    3539
    3540
    3541
    3542
    3543
    3546
    3547
    3548
    3549
    3550
    3551
    3552
    3553
    3554
    3555
    3560
    3561
    3563
    3564
    3565
    3571
    3572
    3573
    3578
    3579
    3580
    3581
    3582
    3583
    3587
    3588
    3589
    3590
    3591
    3592
    3593
    3594
    3597
    3598
    3599
    3600
    3601
    3608
    3609
    3610
    3611
    3612
    3615
    3616
    3617
    3618
    3619
    3620
    3621
    3629
    3630
    3631
    3633
    3634
    3635
    3636
    3640
    3641
    3642
    3643
    3648
    3649
    3650
    3651
    3652
    3653
    3654
    3660
    3661
    3662
    3663
    3664
    3665
    3666
    3667
    3670
    3671
    3672
    3673
    3675
    3676
    3677
    3678
    3679
    3680
    3681
    3682
    3686
    3687
    3688
    3689
    3690
    3693
    3694
    3695
    3696
    3698
    3700
    3701
    3702
    3703
    3704
    3705
    3706
    3707
    3708
    3711
    3712
    3713
    3714
    3715
    3716
    3721
    3722
    3723
    3728
    3729
    3733
    3734
    3735
    3741
    3742
    3743
    3744
    3745
    3749
    3750
    3751
    3752
    3753
    3754
    3755
    3761
    3762
    3763
    3764
    3765
    3766
    3771
    3772
    3773
    3774
    3775
    3776
    3777
    3778
    3783
    3784
    3785
    3786
    3787
    3788
    3789
    3790
    3796
    3797
    3798
    3801
    3802
    3803
    3804
    3805
    3806
    3807
    3808
    3810
    3811
    3812
    3813
    3815
    3816
    3818
    3819
    3820
    3821
    3822
    3824
    3825
    3827
    3828
    3835
    3836
    3837
    3838
    3840
    3841
    3842
    3843
    3844
    3845
    3846
    3847
    3853
    3854
    3855
    3856
    3857
    3860
    3861
    3862
    3863
    3864
    3865
    3868
    3869
    3870
    3871
    3872
    3873
    3877
    3878
    3879
    3880
    3885
    3886
    3887
    3888
    3896
    3897
    3898
    3902
    3903
    3904
    3905
    3913
    3914
    3915
    3916
    3918
    3919
    3920
    3921
    3922
    3923
    3924
    3925
    3926
    3927
    3928
    3929
    3930
    3935
    3936
    3937
    3938
    3939
    3940
    3941
    3942
    3943
    3947
    3948
    3949
    3950
    3951
    3952
    3953
    3954
    3955
    3956
    3957
    3958
    3963
    3964
    3965
    3966
    3967
    3971
    3972
    3973
    3974
    3975
    3976
    3977
    3978
    3979
    3981
    3982
    3983
    3984
    3985
    3986
    3993
    3994
    3995
    3996
    3997
    3998
    3999
    4002
    4003
    4004
    4005
    4006
    4012
    4013
    4014
    4015
    4017
    4018
    4019
    4020
    4021
    4025
    4026
    4027
    4031
    4032
    4033
    4034
    4039
    4040
    4041
    4042
    4043
    4046
    4051
    4052
    4057
    4058
    4059
    4060
    4061
    4062
    4065
    4066
    4067
    4068
    4069
    4070
    4074
    4075
    4076
    4077
    4078
    4079
    4080
    4081
    4082
    4083
    4084
    4086
    4087
    4088
    4089
    4090
    4091
    4094
    4095
    4096
    4100
    4101
    4102
    4103
    4104
    4105
    4106
    4107
    4108
    4109
    4110
    4112
    4113
    4114
    4115
    4117
    4118
    4119
    4120
    4121
    4122
    4123
    4124
    4126
    4127
    4128
    4129
    4136
    4137
    4140
    4141
    4142
    4143
    4144
    4145
    4148
    4149
    4150
    4151
    4152
    4153
    4154
    4160
    4161
    4162
    4163
    4164
    4166
    4167
    4168
    4169
    4173
    4174
    4175
    4176
    4177
    4178
    4179
    4180
    4182
    4185
    4186
    4187
    4188
    4189
    4190
    4191
    4192
    4193
    4196
    4197
    4198
    4199
    4200
    4201
    4202
    4203
    4204
    4206
    4207
    4211
    4212
    4213
    4214
    4215
    4216
    4217
    4218
    4219
    4225
    4226
    4227
    4228
    4229
    4230
    4231
    4236
    4237
    4238
    4242
    4243
    4244
    4245
    4251
    4252
    4253
    4254
    4255
    4256
    4257
    4258
    4259
    4262
    4263
    4264
    4265
    4268
    4269
    4270
    4271
    4272
    4273
    4274
    4275
    4277
    4278
    4279
    4280
    4281
    4282
    4283
    4284
    4285
    4286
    4287
    4288
    4291
    4292
    4293
    4296
    4297
    4298
    4299
    4300
    4301
    4302
    4303
    4305
    4306
    4307
    4308
    4310
    4311
    4313
    4314
    4315
    4316
    4319
    4320
    4321
    4322
    4325
    4326
    4327
    4328
    4329
    4332
    4333
    4334
    4335
    4336
    4337
    4338
    4341
    4342
    4343
    4344
    4346
    4347
    4348
    4349
    4350
    4351
    4352
    4353
    4356
    4357
    4358
    4359
    4360
    4361
    4362
    4363
    4366
    4367
    4368
    4369
    4370
    4371
    4372
    4373
    4374
    4375
    4377
    4378
    4379
    4383
    4384
    4385
    4386
    4390
    4391
    4392
    4393
    4394
    4395
    4396
    4397
    4398
    4399
    4403
    4404
    4405
    4406
    4410
    4411
    4412
    4413
    4414
    4415
    4416
    4417
    4418
    4419
    4420
    4421
    4422
    4426
    4427
    4428
    4429
    4430
    4431
    4432
    4433
    4434
    4435
    4436
    4437
    4438
    4439
    4440
    4443
    4444
    4445
    4446
    4447
    4448
    4450
    4451
    4452
    4453
    4454
    4456
    4457
    4458
    4459
    4460
    4463
    4464
    4465
    4467
    4469
    4470
    4471
    4472
    4473
    4474
    4475
    4476
    4481
    4482
    4483
    4486
    4487
    4488
    4489
    4491
    4492
    4493
    4494
    4495
    4496
    4497
    4498
    4499
    4501
    4502
    4503
    4504
    4505
    4506
    4507
    4508
    4509
    4513
    4514
    4515
    4517
    4518
    4519
    4521
    4522
    4523
    4524
    4525
    4526
    4527
    4528
    4529
    4532
    4533
    4534
    4535
    4536
    4537
    4538
    4539
    4540
    4541
    4543
    4544
    4545
    4546
    4547
    4548
    4549
    4550
    4551
    4552
    4553
    4554
    4556
    4557
    4558
    4559
    4560
    4561
    4562
    4563
    4564
    4565
    4566
    4569
    4570
    4571
    4572
    4573
    4574
    4575
    4576
    4578
    4579
    4580
    4581
    4582
    4583
    4584
    4585
    4586
    4587
    4588
    4589
    4590
    4591
    4592
    4593
    4594
    4595
    4596
    4597
    4599
    4600
    4603
    4604
    4605
    4606
    4607
    4608
    4609
    4610
    4611
    4612
    4613
    4614
    4615
    4616
    4617
    4618
    4619
    4620
    4621
    4622
    4623
    4624
    4626
    4627
    4628
    4629
    4630
    4631
    4632
    4633
    4634
    4635
    4636
    4637
    4638
    4639
    4640
    4641
    4642
    4643
    4644
    4645
    4646
    4647
    4648
    4649
    4650
    4651
    4652
    4653
    4654
    4655
    4656
    4657
    4658
    4659
    4660
    4661
    4662
    4663
    4664
    4665
    4666
    4667
    4668
    4669
    4670
    4671
    4672
    4673
    4674
    4675
    4676
    4677
    4678
    4679
    4680
    4681
    4682
    4683
    4684
    4685
    4686
    4687
    4688
    4689
    4690
    4691
    4692
    4693
    4694
    4695
    4696
    4697
    4698
    4699
    4700
    4701
    4702
    4703
    4704
    4705
    4706
    4707
    4708
    4709
    4710
    4711
    4712
    4713
    4714
    4715
    4716
    4717
    4718
    4719
    4720
    4721
    4722
    4723
    4724
    4725
    4726
    4727
    4728
    4729
    4730
    4731
    4732
    4733
    4734
    4735
    4736
    4737
    4738
    4739
    4740
    4741
    4742
    4743
    4744
    4745
    4746
    4747
    4748
    4749
    4750
    4751
    4752
    4753
    4754
    4755
    4756
    4757
    4758
    4759
    4760
    4761
    4762
    4763
    4764
    4765
    4766
    4767
    4768
    4769
    4770
    4771
    4772
    4773
    4774
    4775
    4776
    4777
    4778
    4779
    4780
    4781
    4782
    4783
    4784
    4785
    4786
    4787
    4788
    4789
    4790
    4791
    4792
    4793
    4794
    4795
    4796
    4797
    4798
    4799
    4800
    4801
    4802
    4803
    4804
    4805
    4806
    4807
    4808
    4809
    4810
    4811
    4812
    4813
    4814
    4815
    4816
    4817
    4818
    4819
    4820
    4821
    4822
    4823
    4824
    4825
    4826
    4827
    4828
    4829
    4830
    4831
    4832
    4833
    4834
    4835
    4836
    4837
    4838
    4839
    4840
    4841
    4842
    4843
    4844
    4845
    4846
    4847
    4848
    4849
    4850
    4851
    4852
    4853
    4854
    4855
    4856
    4857
    4858
    4859
    4860
    4861
    4862
    4863
    4864
    4865
    4866
    4867
    4868
    4869
    4870
    4871
    4872
    4873
    4874
    4875
    4876
    4877
    4878
    4879
    4880
    4881
    4882
    4883
    4884
    4885
    4886
    4887
    4888
    4889
    4890
    4891
    4892
    4893
    4894
    4895
    4896
    4897
    4898
    4899
    4900
    4901
    4902
    4903
    4904
    4905
    4906
    4907
    4908
    4909
    4910
    4911
    4912
    4913
    4914
    4915
    4916
    4917
    4918
    4919
    4920
    4921
    4922
    4923
    4924
    4925
    4926
    4927
    4928
    4929
    4930
    4931
    4932
    4933
    4934
    4935
    4936
    4937
    4938
    4939
    4940
    4941
    4942
    4943
    4944
    4945
    4946
    4947
    4948
    4949
    4950
    4951
    4952
    4953
    4954
    4955
    4956
    4957
    4958
    4959
    4960
    4961
    4962
    4963
    4964
    4965
    4966
    4967
    4968
    4969
    4970
    4971
    4972
    4973
    4974
    4975
    4976
    4977
    4978
    4979
    4980
    4981
    4982
    4983
    4984
    4985
    4986
    4987
    4988
    4989
    4990
    4991
    4992
    4993
    4994
    4995
    4996
    4997
    4998
    4999
    5000
    5001
    5003
    5004
    5005
    5008
    5009
    5010
    5011
    5014
    5015
    5016
    5018
    5022
    5031
    5033
    5041
    5042
    5044
    5045
    5047
    5048
    5049
    5052
    5053
    5056
    5057
    5058
    5062
    5066
    5068
    5070
    5071
    5072
    5074
    5079
    5080
    5081
    5084
    5085
    5086
    5087
    5091
    5095
    5098
    5101
    5103
    5104
    5109
    5110
    5113
    5114
    5115
    5120
    5121
    5123
    5124
    5126
    5127
    5128
    5133
    5136
    5139
    5142
    5144
    5146
    5149
    5151
    5152
    5154
    5158
    5159
    5161
    5162
    5163
    5164
    5166
    5171
    5172
    5174
    5179
    5180
    5181
    5182
    5183
    5184
    5185
    5186
    5187
    5190
    5193
    5194
    5195
    5196
    5197
    5199
    5200
    5201
    5203
    5205
    5207
    5211
    5216
    5217
    5218
    5219
    5220
    5225
    5226
    5227
    5230
    5233
    5237
    5242
    5247
    5250
    5253
    5257
    5260
    5261
    5267
    5268
    5269
    5271
    5274
    5275
    5281
    5285
    5287
    5288
    5289
    5290
    5295
    5296
    5298
    5301
    5304
    5306
    5308
    5309
    5310
    5312
    5313
    5316
    5317
    5318
    5324
    5325
    5328
    5329
    5332
    5333
    5334
    5335
    5336
    5338
    5339
    5340
    5342
    5343
    5344
    5345
    5346
    5347
    5350
    5351
    5352
    5353
    5354
    5355
    5358
    5359
    5360
    5362
    5363
    5364
    5366
    5367
    5368
    5369
    5370
    5374
    5376
    5377
    5378
    5379
    5380
    5381
    5383
    5385
    5386
    5390
    5392
    5394
    5395
    5397
    5398
    5403
    5404
    5405
    5406
    5413
    5417
    5419
    5425
    5427
    5428
    5465
    5469
    5479
    5483
    5488
    5492
    5493
    5495
    5496
    5499
    5500
    5501
    5502
    5503
    5504
    5505
    5506
    5507
    5509
    5512
    5514
    5515
    5516
    5517
    5518
    5519
    5520
    5521
    5543
    5544
    5545
    5546
    5547
    5557
    5558
    5581
    5582
    5583
    5584
    5585
    5586
    5589
    5590
    5591
    5592
    5593
    5595
    5597
    5600
    5601
    5603
    5609
    5612
    5616
    5619
    5620
    5623
    5625
    5626
    5629
    5630
    5631
    5634
    5636
    5637
    5638
    5639
    5640
    5641
    5643
    5644
    5645
    5646
    5662
    5665
    5671
    5675
    5679
    5682
    5683
    5684
    5685
    5686
    5687
    5690
    5696
    5698
    5699
    5705
    5711
    5715
    5716
    5717
    5722
    5726
    5727
    5728
    5729
    5731
    5733
    5736
    5737
    5739
    5741
    5744
    5745
    5747
    5752
    5756
    5761
    5762
    5764
    5766
    5768
    5772
    5774
    5779
    5781
    5784
    5787
    5788
    5789
    5791
    5792
    5793
    5794
    5796
    5799
    5803
    5804
    5806
    5809
    5810
    5813
    5814
    5815
    5816
    5817
    5819
    5821
    5825
    5832
    5833
    5835
    5836
    5839
    5842
    5843
    5844
    5845
    5847
    5848
    5851
    5852
    5858
    5863
    5866
    5870
    5871
    5874
    5875
    5883
    5886
    5890
    5891
    5892
    5893
    5894
    5896
    5898
    5900
    5908
    5909
    5913
    5914
    5916
    5919
    5921
    5928
    5929
    5932
    5933
    5937
    5938
    5939
    5940
    5951
    5954
    5955
    5957
    5959
    5960
    5962
    5963
    5965
    5967
    5968
    5971
    5972
    5977
    5979
    5981
    5984
    5988
    5990
    5991
    5992
    5995
    5996
    5998
    5999
    6003
    6004
    6010
    6013
    6014
    6015
    6016
    6020
    6021
    6022
    6023
    6024
    6025
    6028
    6031
    6032
    6033
    6035
    6036
    6037
    6040
    6045
    6046
    6047
    6048
    6052
    6053
    6054
    6055
    6056
    6058
    6061
    6062
    6065
    6066
    6067
    6072
    6073
    6074
    6075
    6077
    6078
    6079
    6080
    6082
    6084
    6086
    6087
    6090
    6091
    6092
    6093
    6094
    6095
    6096
    6097
    6098
    6103
    6104
    6109
    6113
    6118
    6121
    6122
    6123
    6127
    6130
    6139
    6143
    6149
    6154
    6156
    6159
    6161
    6163
    6164
    6168
    6169
    6171
    6172
    6173
    6174
    6175
    6178
    6181
    6184
    6187
    6190
    6194
    6195
    6203
    6204
    6206
    6208
    6209
    6212
    6213
    6215
    6221
    6229
    6231
    6236
    6237
    6239
    6240
    6241
    6242
    6244
    6248
    6251
    6260
    6263
    6264
    6265
    6266
    6269
    6270
    6271
    6272
    6275
    6280
    6281
    6284
    6286
    6294
    6297
    6301
    6302
    6303
    6304
    6306
    6307
    6310
    6311
    6319
    6323
    6325
    6327
    6333
    6340
    6348
    6354
    6357
    6359
    6360
    6363
    6364
    6365
    6367
    6370
    6372
    6375
    6381
    6383
    6384
    6385
    6389
    6390
    6392
    6394
    6397
    6399
    6400
    6401
    6404
    6406
    6407
    6409
    6411
    6415
    6417
    6418
    6426
    6427
    6428
    6429
    6430
    6433
    6435
    6436
    6438
    6441
    6443
    6446
    6447
    6449
    6450
    6451
    6454
    6456
    6459
    6462
    6464
    6466
    6470
    6473
    6474
    6475
    6477
    6478
    6480
    6481
    6483
    6484
    6485
    6486
    6491
    6494
    6496
    6499
    6502
    6506
    6507
    6508
    6509
    6511
    6512
    6513
    6514
    6517
    6518
    6520
    6521
    6522
    6527
    6528
    6530
    6532
    6533
    6536
    6546
    6547
    6555
    6556
    6558
    6560
    6561
    6563
    6565
    6566
    6567
    6568
    6571
    6575
    6576
    6578
    6580
    6583
    6584
    6586
    6589
    6598
    6600
    6604
    6607
    6612
    6613
    6628
    6629
    6632
    6634
    6635
    6637
    6639
    6640
    6643
    6644
    6645
    6646
    6647
    6649
    6652
    6655
    6656
    6657
    6658
    6659
    6662
    6663
    6678
    6680
    6689
    6696
    6697
    6698
    6699
    6703
    6704
    6705
    6706
    6710
    6711
    6715
    6716
    6719
    6720
    6723
    6726
    6728
    6731
    6734
    6736
    6738
    6741
    6743
    6745
    6748
    6750
    6753
    6754
    6758
    6760
    6762
    6763
    6765
    6766
    6768
    6770
    6772
    6778
    6782
    6783
    6785
    6787
    6789
    6794
    6800
    6801
    6802
    6808
    6809
    6810
    6813
    6814
    6816
    6818
    6819
    6822
    6834
    6835
    6836
    6840
    6843
    6844
    6846
    6847
    6852
    6853
    6856
    6859
    6863
    6865
    6870
    6872
    6876
    6877
    6879
    6884
    6887
    6894
    6895
    6896
    6898
    6899
    6904
    6909
    6910
    6916
    6917
    6919
    6925
    6928
    6929
    6930
    6931
    6932
    6933
    6936
    6939
    6942
    6943
    6945
    6949
    6951
    6953
    6954
    6955
    6956
    6958
    6959
    6960
    6964
    6965
    6966
    6967
    6968
    6969
    6970
    6971
    6975
    6977
    6978
    6982
    6984
    6985
    6988
    6989
    6990
    6993
    6994
    6998
    6999
    7000
    7001
    7002
    7003
    7008
    7009
    7010
    7011
    7014
    7015
    7016
    7019
    7023
    7027
    7033
    7034
    7036
    7043
    7044
    7049
    7059
    7062
    7063
    7064
    7066
    7074
    7076
    7078
    7079
    7082
    7083
    7084
    7086
    7087
    7090
    7096
    7102
    7105
    7108
    7109
    7111
    7113
    7117
    7118
    7122
    7128
    7129
    7137
    7138
    7140
    7143
    7144
    7151
    7155
    7158
    7159
    7160
    7161
    7162
    7166
    7168
    7169
    7170
    7172
    7173
    7175
    7177
    7178
    7182
    7184
    7186
    7197
    7198
    7203
    7204
    7209
    7210
    7212
    7213
    7219
    7221
    7223
    7227
    7231
    7234
    7236
    7238
    7239
    7241
    7247
    7250
    7253
    7258
    7263
    7265
    7267
    7271
    7277
    7278
    7279
    7281
    7284
    7286
    7288
    7294
    7295
    7296
    7297
    7299
    7300
    7304
    7308
    7309
    7310
    7311
    7314
    7316
    7318
    7320
    7324
    7328
    7333
    7335
    7341
    7342
    7344
    7346
    7350
    7351
    7353
    7355
    7357
    7359
    7362
    7364
    7366
    7367
    7370
    7371
    7375
    7378
    7381
    7382
    7386
    7391
    7392
    7393
    7397
    7402
    7405
    7409
    7411
    7412
    7414
    7417
    7421
    7423
    7426
    7427
    7430
    7431
    7432
    7433
    7436
    7441
    7442
    7443
    7444
    7450
    7452
    7453
    7454
    7455
    7458
    7459
    7460
    7465
    7468
    7469
    7474
    7476
