       0
       1
       2
       3
       4
       5
       6
       7
       8
       9
      10
      11
      12
      13
      14
      15
      16
      17
      18
      19
      20
      21
      22
      23
      24
      25
      26
      27
      28
      29
      30
      31
      32
      33
      34
      35
      36
      37
      38
      39
      40
      41
      42
      43
      44
      45
      46
      47
      48
      49
      50
      51
      52
      53
      54
      55
      56
      57
      58
      59
      60
      61
      62
      63
      64
      65
      66
      67
      68
      69
      70
      71
      72
      73
      74
      75
      76
      77
      78
      79
      80
      81
      82
      83
      84
      85
      86
      87
      88
      89
      90
      91
      92
      93
      94
      95
      96
      97
      98
      99
     100
     101
     102
     103
     104
     105
     106
     107
     108
     109
     110
     111
     112
     113
     114
     115
     116
     117
     118
     119
     120
     121
     122
     123
     124
     125
     126
     127
     128
     129
     130
     131
     132
     133
     134
     135
     136
     137
     138
     139
     140
     141
     142
     143
     144
     145
     146
     147
     148
     149
     150
     151
     152
     153
     154
     155
     156
     157
     158
     159
     160
     161
     162
     163
     164
     165
     166
     167
     168
     169
     170
     171
     172
     173
     174
     175
     176
     177
     178
     179
     180
     181
     182
     183
     184
     185
     186
     187
     188
     189
     190
     191
     192
     193
     194
     195
     196
     197
     198
     199
     200
     201
     202
     203
     204
     205
     206
     207
     208
     210
     211
     212
     213
     214
     215
     216
     217
     218
     219
     220
     221
     222
     223
     224
     225
     226
     227
     228
     229
     230
     231
     232
     233
     235
     236
     237
     238
     239
     240
     241
     242
     243
     244
     245
     246
     247
     250
     251
     252
     253
     254
     255
     256
     257
     258
     259
     261
     262
     263
     264
     265
     267
     268
     269
     271
     272
     274
     275
     276
     278
     279
     280
     281
     282
     283
     284
     287
     288
     290
     291
     292
     293
     294
     295
     296
     297
     299
     300
     301
     304
     305
     306
     307
     308
     311
     312
     313
     315
     316
     318
     319
     320
     321
     323
     325
     326
     327
     328
     329
     331
     332
     333
     334
     335
     336
     337
     338
     339
     340
     341
     344
     347
     348
     352
     354
     356
     357
     358
     359
     360
     361
     362
     363
     364
     366
     367
     369
     370
     372
     375
     376
     377
     380
     381
     384
     385
     386
     387
     388
     389
     390
     391
     392
     395
     398
     399
     401
     402
     403
     404
     406
     407
     411
     413
     415
     417
     418
     421
     422
     423
     424
     425
     426
     429
     430
     431
     432
     433
     434
     435
     436
     437
     439
     440
     441
     442
     445
     448
     451
     452
     453
     454
     457
     459
     462
     463
     467
     468
     469
     470
     471
     474
     475
     476
     477
     479
     480
     481
     486
     488
     489
     490
     493
     495
     496
     499
     500
     501
     504
     505
     506
     507
     508
     509
     512
     513
     514
     515
     517
     518
     519
     521
     522
     523
     524
     526
     528
     529
     532
     534
     535
     539
     540
     542
     545
     546
     550
     552
     553
     554
     556
     561
     564
     567
     568
     569
     570
     576
     577
     578
     581
     582
     584
     586
     587
     590
     592
     594
     595
     597
     600
     601
     602
     608
     609
     610
     619
     620
     621
     624
     625
     626
     627
     629
     631
     632
     633
     635
     636
     637
     640
     641
     643
     644
     649
     651
     652
     653
     654
     657
     660
     663
     664
     668
     677
     682
     685
     687
     689
     690
     692
     696
     698
     699
     701
     702
     703
     707
     714
     718
     719
     722
     728
     729
     730
     731
     734
     735
     736
     741
     742
     745
     746
     749
     750
     751
     752
     755
     756
     757
     762
     765
     771
     772
     775
     777
     778
     779
     780
     783
     785
     787
     788
     791
     792
     793
     797
     804
     806
     820
     823
     825
     826
     827
     831
     832
     834
     844
     845
     853
     858
     861
     862
     868
     871
     874
     875
     877
     878
     889
     894
     901
     922
     923
    1002
    1005
    1007
    1010
    1012
    1015
    1016
    1019
    1022
    1023
    1027
    1029
    1030
    1031
    1034
    1037
    1040
    1041
    1042
    1044
    1045
    1046
    1048
    1050
    1052
    1056
    1057
    1059
    1060
    1062
    1063
    1064
    1066
    1068
    1069
    1070
    1071
    1072
    1073
    1074
    1076
    1077
    1078
    1079
    1080
    1081
    1084
    1085
    1086
    1087
    1088
    1090
    1092
    1093
    1095
    1097
    1098
    1105
    1106
    1108
    1110
    1111
    1114
    1116
    1117
    1118
    1119
    1122
    1123
    1125
    1128
    1129
    1131
    1132
    1133
    1134
    1138
    1139
    1140
