     209
     234
     248
     249
     260
     266
     270
     273
     277
     285
     286
     289
     298
     302
     303
     309
     310
     314
     317
     322
     324
     330
     342
     343
     345
     346
     349
     350
     351
     353
     355
     365
     368
     371
     373
     374
     378
     379
     382
     383
     393
     394
     396
     397
     400
     405
     408
     409
     410
     412
     414
     416
     419
     420
     427
     428
     438
     443
     444
     446
     447
     449
     450
     455
     456
     458
     460
     461
     464
     465
     466
     472
     473
     478
     482
     483
     484
     485
     487
     491
     492
     494
     497
     498
     502
     503
     510
     511
     516
     520
     525
     527
     530
     531
     533
     536
     537
     538
     541
     543
     544
     547
     548
     549
     551
     555
     557
     558
     559
     560
     562
     563
     565
     566
     571
     572
     573
     574
     575
     579
     580
     583
     585
     588
     589
     591
     593
     596
     598
     599
     603
     604
     605
     606
     607
     611
     612
     613
     614
     615
     616
     617
     618
     622
     623
     628
     630
     634
     638
     639
     642
     645
     646
     647
     648
     650
     655
     656
     658
     659
     661
     662
     665
     666
     667
     669
     670
     671
     672
     673
     674
     675
     676
     678
     679
     680
     681
     683
     684
     686
     688
     691
     693
     694
     695
     697
     700
     704
     705
     706
     708
     709
     710
     711
     712
     713
     715
     716
     717
     720
     721
     723
     724
     725
     726
     727
     732
     733
     737
     738
     739
     740
     743
     744
     747
     748
     753
     754
     758
     759
     760
     761
     763
     764
     766
     767
     768
     769
     770
     773
     774
     776
     781
     782
     784
     786
     789
     790
     794
     795
     796
     798
     799
     800
     801
     802
     803
     805
     807
     808
     809
     810
     811
     812
     813
     814
     815
     816
     817
     818
     819
     821
     822
     824
     828
     829
     830
     833
     835
     836
     837
     838
     839
     840
     841
     842
     843
     846
     847
     848
     849
     850
     851
     852
     854
     855
     856
     857
     859
     860
     863
     864
     865
     866
     867
     869
     870
     872
     873
     876
     879
     880
     881
     882
     883
     884
     885
     886
     887
     888
     890
     891
     892
     893
     895
     896
     897
     898
     899
     900
     902
     903
     904
     905
     906
     907
     908
     909
     910
     911
     912
     913
     914
     915
     916
     917
     918
     919
     920
     921
     924
     925
     926
     927
     928
     929
     930
     931
     932
     933
     934
     935
     936
     937
     938
     939
     940
     941
     942
     943
     944
     945
     946
     947
     948
     949
     950
     951
     952
     953
     954
     955
     956
     957
     958
     959
     960
     961
     962
     963
     964
     965
     966
     967
     968
     969
     970
     971
     972
     973
     974
     975
     976
     977
     978
     979
     980
     981
     982
     983
     984
     985
     986
     987
     988
     989
     990
     991
     992
     993
     994
     995
     996
     997
     998
     999
    1000
    1001
    1003
    1004
    1006
    1008
    1009
    1011
    1013
    1014
    1017
    1018
    1020
    1021
    1024
    1025
    1026
    1028
    1032
    1033
    1035
    1036
    1038
    1039
    1043
    1047
    1049
    1051
    1053
    1054
    1055
    1058
    1061
    1065
    1067
    1075
    1082
    1083
    1089
    1091
    1094
    1096
    1099
    1100
    1101
    1102
    1103
    1104
    1107
    1109
    1112
    1113
    1115
    1120
    1121
    1124
    1126
    1127
    1130
    1135
    1136
    1137
