      -5.517700735962192e+00      -2.036770881654230e-01      +4.770955582563695e+00
      -6.746837376903003e+00      -3.032580502201446e-01      +4.775463110710740e+00
      -4.386131745031178e+00      -1.043487551737176e+00      +4.696155699042643e+00
      -7.002696598848055e+00      -1.357324314301902e+00      +4.703512418362444e+00
      -5.477867772043487e+00      -1.664631284479858e+00      +4.697363308195432e+00
      -6.911131046448917e+00      +8.687031669743090e-01      +4.762641264773724e+00
      -8.631136535913411e+00      -6.888690395225245e-01      +4.645366394257517e+00
      -3.783197488485234e+00      +6.198649127314949e-01      +4.664147206054253e+00
      -5.595995231942999e+00      +1.754105049593032e+00      +4.711566573613838e+00
      -3.354041067352076e+00      -1.222073638282140e+00      +4.599894798442015e+00
      -6.513397242544694e+00      -2.582176997354321e+00      +4.556408852323391e+00
      -3.980697045022780e+00      -2.678830487500666e+00      +4.497249314588675e+00
      -2.019386918949018e+00      -1.754984266979264e-01      +4.464413539302728e+00
      -2.322335897324038e+00      +1.849197800930509e+00      +4.455145760565832e+00
      -3.907113846875781e+00      +2.332419697367766e+00      +4.585862286966099e+00
      -4.784777309493474e+00      +3.501386713071059e+00      +4.492188827444960e+00
      -5.071531244612201e+00      -3.065752443487503e+00      +4.478475880634694e+00
      -8.062490679886087e+00      -1.899591887993108e+00      +4.573441477669256e+00
      -6.719378959098639e+00      +2.757042273511976e+00      +4.612388699460072e+00
      -8.242124106167843e+00      +2.068895985497520e+00      +4.606267140253827e+00
      -9.314270089959138e+00      -2.919364752292280e+00      +4.221709113377563e+00
      -8.093261617142785e+00      +3.097186394093843e+00      +4.479523592271809e+00
      -8.667086757828912e+00      +6.247519181543723e-01      +4.671869271559022e+00
      -6.575732594251108e+00      -3.940769844809453e+00      +4.231373033192035e+00
      -9.863323351159545e+00      -2.550252140277617e-01      +4.462034583570830e+00
      -7.918001922118052e+00      -3.051727428496584e+00      +4.361612809735917e+00
      -1.043450864289998e+01      +1.145832881749314e+00      +4.315031973185077e+00
      -1.090256020602112e+01      -6.794314309171667e-01      +4.184528823985466e+00
      -9.672648295589465e+00      -1.528991793646555e+00      +4.400384421148174e+00
      -6.756348866928660e+00      +3.820119834199084e+00      +4.441795268872637e+00
      -2.577312844733221e+00      +3.221387691655075e+00      +4.373595053890807e+00
      -1.865094694807962e+00      -2.155879216614665e+00      +4.334107447490572e+00
      -1.004980648160873e+01      +2.266907534155618e+00      +4.301275842772400e+00
      -1.115360856499766e+01      +3.681269279081406e-01      +4.134758121836354e+00
      -4.454807468982923e-01      +5.901554926928435e-01      +4.182496645119024e+00
      -1.033425070173671e+01      -3.004657506255339e+00      +3.996414651567608e+00
      -8.757781979472169e+00      -4.003304051963748e+00      +3.991764037065049e+00
      -2.912604516349797e+00      -3.350352450367760e+00      +4.278005573040423e+00
      -5.215066937103302e+00      -4.464448042559689e+00      +4.113380685607154e+00
      -1.388646870387254e+00      +2.906688768889783e+00      +4.217953921228137e+00
      -3.710990020722488e+00      +4.664997508918076e+00      +4.222725792992885e+00
      -1.065082951554956e+01      -1.763863518138826e+00      +4.143371198436974e+00
      -7.443436822230084e+00      +4.536779061520551e+00      +4.245001172623014e+00
      -9.263356372659025e+00      +3.042088314138317e+00      +4.335615004489144e+00
      -1.020149017539080e+01      +3.801844219301092e+00      +3.964940267384880e+00
      -2.294654866088218e-01      +2.339340097545186e+00      +3.997473254885170e+00
      -3.078548736524775e+00      +3.850980324475558e+00      +4.339786319514958e+00
      -5.109313378733457e+00      +4.773217782612543e+00      +4.239315372957890e+00
      -7.600801858638776e+00      -4.413901492287301e+00      +3.989715286203391e+00
      -5.515708086999993e+00      +5.695837642638331e+00      +3.950087075061655e+00
      -5.318907871529062e+00      -5.534010926955875e+00      +3.731527963609917e+00
      -3.987713891414932e+00      -4.494926440902707e+00      +4.099406976080766e+00
      -1.108114975799857e+00      -4.009536674303986e+00      +3.862436398677762e+00
      -2.903759082128792e-01      -1.003202592722622e+00      +4.140923527043369e+00
      -8.872974886782851e+00      +4.476991760338183e+00      +4.098608729074641e+00
      -1.224185263606142e+01      -8.767725739800971e-01      +3.679271193842824e+00
      -1.682343887255847e+00      +4.371187562337768e+00      +4.037207266944066e+00
      -2.418872526772382e+00      +5.185553784355395e+00      +3.945124526663058e+00
      -1.156577131420781e+01      -2.295450995753820e+00      +3.783731128891124e+00
      -6.845382334494722e+00      -5.540520206078678e+00      +3.620253810568876e+00
      -2.359925384492669e+00      -4.561607940922313e+00      +3.914902679361373e+00
      -5.053324679649895e-02      -2.611761520554198e+00      +3.935743603951370e+00
      -8.582417241005567e+00      +5.824069206934978e+00      +3.711934001274100e+00
      -8.993207296097204e+00      -5.180023643375980e+00      +3.537188247952131e+00
      -7.257687535460634e+00      +5.736194238332259e+00      +3.884022070325696e+00
      -1.016778249466226e+01      -4.374992930528032e+00      +3.639050429925607e+00
      -5.579034816590619e+00      -6.406521432172526e+00      +3.350678712206522e+00
      -9.375373958584655e+00      +5.521775438922995e+00      +3.680617659193387e+00
      -1.108872929153789e+01      +3.573311704518799e+00      +3.738134246038869e+00
      -1.163252655620811e+01      +1.914082576669704e+00      +3.857085298927528e+00
      +6.593353534829111e-01      +1.054792282317063e+00      +3.854175307115888e+00
      -4.916716960989091e+00      +6.764405312494629e+00      +3.461995653117905e+00
      -8.036400637282561e+00      -6.323086191006781e+00      +3.147492344729194e+00
      +9.350221163515511e-01      -8.248480443669345e-01      +3.841597258130281e+00
      -3.358063225291013e+00      +5.856561397366890e+00      +3.821147205371216e+00
      -1.274780978870021e+01      -3.126167130467140e+00      +3.106211507960014e+00
      -1.142341982417473e+01      -3.858986374313792e+00      +3.461685552233591e+00
      -9.390188144481586e+00      -5.989867008734406e+00      +3.117638629104784e+00
      -2.373196655169705e-01      +3.853381878341774e+00      +3.784660854729606e+00
      -1.056436881836527e+01      -5.479597435478893e+00      +3.125012994818992e+00
      -4.112395205250920e+00      -6.544106704530285e+00      +3.346544487299885e+00
      -2.604213044190650e+00      -5.685484276392174e+00      +3.591201335411238e+00
      -5.308337242513107e-01      -5.160167387464302e+00      +3.412833454532901e+00
      +1.219110007698931e+00      -2.057518866488746e+00      +3.682672060853897e+00
      +1.596178054785739e+00      +1.947467874610836e-03      +3.611144041532097e+00
      +9.507739030078161e-01      +2.073926748251436e+00      +3.633822038312174e+00
      -8.930721289216882e-02      +4.620729684144473e+00      +3.523696445733334e+00
      -1.158906535469877e+00      +5.119849809723116e+00      +3.719177432544505e+00
      -1.166625250708180e+01      -4.587940521183844e+00      +3.150813431099984e+00
      +1.938859349176809e+00      -1.392876884011794e+00      +3.481745666394960e+00
      -1.231717007639087e+01      +1.027683712905382e+00      +3.659985625622186e+00
      -1.267614933378114e+01      +2.875799405722111e-02      +3.526977176058938e+00
      -1.681286734077865e+00      +6.037811204841079e+00      +3.498732933329030e+00
      -5.676850480692853e+00      -7.221769122321176e+00      +2.948453713989693e+00
      -2.457803152094466e+00      -6.754234802656373e+00      +3.143217144654042e+00
      +2.209333158204136e+00      -2.867791479623183e+00      +3.203970723594605e+00
      -1.011450224272566e+01      +7.075006864039223e+00      +2.947858834406419e+00
      +1.380959613413268e+00      +2.894219061849439e+00      +3.302964256913596e+00
      +9.351933514527838e-01      +4.148173564844557e+00      +3.212141576634685e+00
      -1.301934827708290e+01      -1.523118409415016e+00      +3.243242593283717e+00
      +2.358408273655801e+00      -6.298641783406942e-01      +3.294711799638192e+00
      -4.604230746885006e-01      +5.962436756305220e+00      +3.157849743946912e+00
      -1.616971057542526e+00      +7.015181017575525e+00      +2.992324203818732e+00
      -1.020930641170588e+01      -6.678683750787628e+00      +2.600759766591864e+00
      -3.584425252397719e+00      -7.556244248959084e+00      +2.841515413715177e+00
      +1.197311711431443e+00      -3.750260132726607e+00      +3.397154964972970e+00
      +2.143349352243169e+00      +8.956531609591837e-01      +3.264275010480065e+00
      -2.498721514570623e+00      +6.709279413082017e+00      +3.336644336557204e+00
      -1.234294330168452e+00      -6.451523068107706e+00      +3.069857826195121e+00
      -8.520228834042268e+00      +7.164736905794630e+00      +3.150518413399368e+00
      -1.038873689936023e+01      +5.436437165587601e+00      +3.455602339813115e+00
      -1.188196476148450e+01      -5.634891770645184e+00      +2.632362828060649e+00
      -3.101405690556685e-01      -6.892920806695418e+00      +2.598194222551858e+00
      +3.504326621048257e-02      -5.991422522346860e+00      +2.949131789353356e+00
      +1.208970553881553e+00      -4.937229993805091e+00      +3.022205965735679e+00
      +2.665709794004978e+00      -2.269854175781712e+00      +3.079828689714462e+00
      -1.461500576277743e+01      +1.085016187172449e+00      +2.484748160032860e+00
      -3.742047881901462e+00      +7.181408442462257e+00      +3.209354927860435e+00
      -6.774520012340524e+00      +6.978627765781002e+00      +3.352179262723436e+00
      +3.145478467172778e+00      -3.712909854417882e-01      +2.794797602108043e+00
      -1.353381267416403e+01      +2.164079308274844e+00      +2.963825884098965e+00
      +2.283029638509935e+00      +2.373439267946944e+00      +2.922127752346386e+00
      -1.274799075371876e+01      -4.365853937834237e+00      +2.764775745169068e+00
      +1.221719891167184e+00      -5.894401296825753e+00      +2.563270128841775e+00
      -8.077042727263239e+00      +8.341874063655080e+00      +2.513490348745798e+00
      -1.211031901124555e+01      +6.513695861852982e+00      +2.566761932413620e+00
      -1.372344372229917e+01      +1.132317393713486e+00      +2.987619090962450e+00
      -7.119403737166010e+00      -7.541978231644482e+00      +2.607778945990846e+00
      -4.979042103735690e+00      -8.186626839722919e+00      +2.430542925605529e+00
      -2.144884247770190e+00      -7.639904486292587e+00      +2.646730403546868e+00
      +3.037935167580942e+00      +7.276640898230639e-01      +2.729593205902544e+00
      -3.937807434499892e+00      +8.079353227644196e+00      +2.724059960172715e+00
      -1.394277851169963e+01      -3.249090607801544e+00      +2.376446092949021e+00
      -9.265250070605335e+00      -7.085324828162054e+00      +2.551755194349961e+00
      -9.618252614464691e+00      +8.049740626208948e+00      +2.570804963490995e+00
      -1.208745136248023e+01      +2.807102641419882e+00      +3.515154873937503e+00
      -1.421907831978214e+01      -1.309585065651724e-01      +2.742420312717049e+00
      -1.258241736493430e+01      -6.234950636287556e+00      +1.999061330313022e+00
      -1.055817951908401e+01      -7.360560497976955e+00      +2.078171739994594e+00
      -5.715053648430557e+00      -8.741048899031831e+00      +1.921610350053971e+00
      -1.157477434662869e+01      +6.962556760420298e+00      +2.604233480790420e+00
      -1.432977186490096e+01      +2.162220676447096e+00      +2.524206591612677e+00
      +9.490015312458088e-01      +5.056609077563448e+00      +2.903812478260934e+00
      -2.918015378887465e+00      +7.741829106059706e+00      +2.833418108906131e+00
      -1.418138112734954e+01      -2.120368987350775e+00      +2.506759475730712e+00
      -3.770095147375677e+00      -8.500589584193879e+00      +2.236621495659989e+00
      +7.599411259756038e-02      +6.534416050501898e+00      +2.558092258110861e+00
      -1.071695587322535e+00      +7.448732309585963e+00      +2.525547727605066e+00
      -2.315949622388234e+00      -8.345128892575930e+00      +2.184910882168556e+00
      -6.368058434207616e-01      -7.517014493243043e+00      +2.296617434462366e+00
      +1.053705845396226e+00      -6.726663525846918e+00      +2.092006878734794e+00
      +3.404623175194941e+00      +1.938270942984453e+00      +2.177569198502727e+00
      +1.900520224598360e+00      +5.247279645087800e+00      +2.184073624763642e+00
      -8.520205589927444e+00      -8.036051796551639e+00      +2.021441347002792e+00
      +2.406459081595141e+00      -5.619783798099592e+00      +2.145651021689701e+00
      +3.062264021530364e+00      -3.913305847934140e+00      +2.547990692314751e+00
      +3.227973276624823e+00      -1.950156441872818e+00      +2.793098348064469e+00
      +2.070048239135139e+00      +3.975675056828562e+00      +2.646446333942364e+00
      -1.507794797978965e+01      -1.026636376897508e+00      +2.087233567547766e+00
      -1.301998274889781e+01      -5.649964169712107e+00      +2.077241575934492e+00
      +3.412993282927468e+00      -5.052232139217160e+00      +1.804480378066758e+00
      +4.263918417731473e+00      -3.519360915904074e+00      +1.773586154926585e+00
      -1.115021540059608e+01      +7.746561481539723e+00      +2.390945600998508e+00
      -1.301603091728071e+01      +6.365576509025568e+00      +2.258180079288471e+00
      -1.151398632821221e+01      -6.733960894636017e+00      +2.188035951479354e+00
      -1.655738180081070e+00      -8.440035252498058e+00      +1.862972522672476e+00
      -1.372622660333799e+01      +5.641452738413064e+00      +2.117741170703438e+00
      -2.099368542336304e+00      +8.244701960609676e+00      +2.338436630896556e+00
      -1.107995817208826e+01      -7.954478103431291e+00      +1.416176351547316e+00
      -5.101807664027603e+00      +8.787592995371167e+00      +2.285519140043642e+00
      +2.921175575592668e+00      +3.093083168844038e+00      +2.330010959529787e+00
      -1.598332648258038e+00      +8.666933766005295e+00      +1.686475201572283e+00
      -2.860565111375566e+00      +8.771808084287327e+00      +2.150206635174900e+00
      -1.551096414752942e+01      -2.299462264767128e+00      +1.366308647296788e+00
      -1.468905526568444e+01      -3.080874010223848e+00      +1.889890362580671e+00
      -1.378419289764086e+01      -4.639389026300049e+00      +2.039205989520972e+00
      -1.646064813118357e-01      -7.761785587119409e+00      +1.813157125320560e+00
      -1.431240722833726e+01      +5.149433727044227e+00      +1.911459901861369e+00
      -1.527839763341380e+01      +4.429901927894644e-01      +2.038099891061485e+00
      -1.574769239882447e+01      -5.133529673911731e-01      +1.482383025963927e+00
      -1.421211781340579e+01      -5.843359893430930e+00      +1.152837391344857e+00
      -3.949865825638490e+00      -9.160121141209743e+00      +1.635174341421016e+00
      -7.378447797565304e+00      +9.095767348093849e+00      +1.949718966983240e+00
      -1.052370138302567e+01      +8.473975627468885e+00      +2.102230223105440e+00
      +3.995252600786659e+00      +8.526409044074369e-01      +1.796910562233347e+00
      +3.509686146901349e+00      +3.035182451471221e+00      +1.793362429954198e+00
      +4.266108158369337e+00      -3.986849478069766e-01      +1.736945412750927e+00
      -1.454196410319676e+01      -4.702426354055756e+00      +1.427324357516239e+00
      -1.001226723888106e+01      -8.143781105334119e+00      +1.580991082301947e+00
      -7.748804845579774e+00      -8.768599339607103e+00      +1.519759813625024e+00
      -1.052045995739399e+00      -8.585924427984986e+00      +1.220179603827281e+00
      +2.481603659364832e+00      -6.336793831690129e+00      +1.439441932753349e+00
      +3.709597578421859e+00      -8.124865309771868e-01      +2.385850930600291e+00
      -9.252724075303641e+00      +8.840136393218472e+00      +2.045537658316562e+00
      -1.525372460006149e+01      +1.876369812318074e+00      +1.909878374215780e+00
      -5.899186989188298e+00      -9.337057067777218e+00      +1.225022094609506e+00
      -3.831461176283977e+00      +8.982910214447141e+00      +2.110741316877033e+00
      -1.279573005713445e+01      +7.617693893086183e+00      +1.842667114719345e+00
      +7.650143149020177e-01      +6.764709075933509e+00      +1.820441074646156e+00
      -6.644092385014905e-01      +7.879160288406443e+00      +1.903223289613483e+00
      -1.356462911858968e+01      -6.598695735292726e+00      +1.194354998624916e+00
      -1.050017641523979e+01      -8.515925094420437e+00      +1.054504919056538e+00
      -2.279198707560260e+00      -9.006588763087803e+00      +1.417174201195368e+00
      +4.319372822103778e+00      -2.531562507370999e+00      +1.861147980725490e+00
      -9.796981549520661e+00      +9.113018086517238e+00      +1.646108535415753e+00
      -1.408874764637212e+01      +6.193740452261480e+00      +1.760239196066184e+00
      +4.204923174872139e+00      +1.188533862217088e+00      +2.251136115320741e+00
      -1.222999164093921e+01      -7.328900714176934e+00      +1.457174182872376e+00
      +3.342973040669925e+00      -5.655751743870387e+00      +1.444635413013188e+00
      +4.737568793432729e+00      -2.238419671466493e+00      +1.454639561885118e+00
      -8.177723418703147e+00      +9.338069108688359e+00      +1.649640281599699e+00
      -3.829276803942772e+00      +9.528698400974342e+00      +1.468302942224784e+00
      +1.903666072709897e+00      -6.910802871530236e+00      +1.135696493078436e+00
      -1.594848374857766e+01      +9.234837399296819e-01      +1.162475477963488e+00
      +3.684709948602265e+00      +3.725119953656983e+00      +1.163089288295100e+00
      -7.944536078896137e-01      +8.361123556098748e+00      +1.189091283525814e+00
      -2.680385049570283e+00      +9.254966323353482e+00      +1.495774277563104e+00
      -5.069091428068412e+00      +9.461226879410093e+00      +1.697321804354089e+00
      -9.140726397689864e+00      -9.046753479272407e+00      +8.423566413143995e-01
      +3.939017986360352e+00      +1.916817652978342e+00      +1.602522596143928e+00
      -1.152119057564296e+01      +8.411219679719006e+00      +1.862424101057394e+00
      -1.507672885797995e+01      +4.733989834354530e+00      +1.505736950044274e+00
      +4.093565203824798e+00      +2.667967446599370e+00      +1.055000743255767e+00
      +3.080161276177262e+00      +4.431302293239272e+00      +1.645212668131892e+00
      +2.188358381511429e+00      +5.676001905002905e+00      +1.535507947016068e+00
      -1.515691625901387e+01      -3.557906515984205e+00      +1.288190761007102e+00
      -1.227337039564485e+01      -7.989800526860634e+00      +8.294336894996455e-01
      -7.405837176128339e+00      -9.352205323016562e+00      +8.625807491055200e-01
      -2.355203493920525e+00      -9.223317256484460e+00      +9.884856194820859e-01
      -1.303355480828893e+01      +7.945082311406749e+00      +1.284386814612075e+00
      -1.567998632950049e+01      +1.194336561364825e+00      +1.552707870121698e+00
      -1.337955176315219e+01      -7.448605525569785e+00      +5.940427938868540e-01
      -3.397668047583676e+00      -9.507882836913113e+00      +9.924531416548643e-01
      +3.363236585434784e+00      -6.097716265754769e+00      +7.973825377580276e-01
      +4.868570252215210e+00      -1.679927060097413e+00      +2.251491972931234e+00
      -1.401215265446299e+01      +7.029034439815331e+00      +1.383189960135615e+00
      -1.518934665891638e+01      +5.875446516608407e+00      +1.015957904748119e+00
      -1.572601463244533e+01      +4.273239998253658e+00      +9.472346083205259e-01
      +4.400490673055222e+00      -1.151552873545039e-01      +2.226051424776340e+00
      -1.712925620031677e+00      +8.944033864344890e+00      +1.069326338512266e+00
      -1.587944992833048e+01      -1.757519419659653e+00      +9.514353558182387e-01
      -1.500533677980074e+01      -4.987038437926277e+00      +8.195928187158028e-01
      -6.422504530069460e+00      -9.730922925858875e+00      +4.268864089308785e-01
      -4.815464884896105e+00      -9.656213399776677e+00      +8.707622430327927e-01
      +4.285435081773972e+00      -4.561689745684167e+00      +1.390011028378025e+00
      -1.072999294246989e+01      +9.055578788826326e+00      +1.272355784025587e+00
      +4.483051558295753e+00      +3.033010120245033e+00      +1.935681903056266e+00
      -1.419161485247330e+01      -6.843529363448238e+00      +4.008160280610073e-01
      +4.625793670597331e+00      +2.038997634471853e+00      +2.628651683512607e+00
      +4.998815649750201e+00      -3.374960449065679e+00      +1.054936376775875e+00
      -6.675367492162730e+00      +9.747959227953162e+00      +1.253584813006007e+00
      -1.587627598594699e+01      -3.445205023407238e+00      +1.371169947198924e-01
      -7.975892894954151e+00      -9.571307378329108e+00      +2.802080183730411e-01
      +4.494898094541842e+00      +9.032059730004773e-01      +2.575256301819118e+00
      -1.186703533101138e+01      +8.601572978019561e+00      +1.216200219042610e+00
      -1.300528925085818e+01      +8.037578377416995e+00      +8.161635386125188e-01
      +2.772895555404755e+00      +5.419179087542523e+00      +1.026850933186007e+00
      +2.841594887332409e-01      +7.601878144552519e+00      +1.108439121461492e+00
      -4.989604582860604e+00      +9.773689221138500e+00      +1.186914525674100e+00
      -1.544307593240209e+01      -4.610484994304787e+00      +4.332216600591927e-01
      +4.518286798532625e+00      +2.619373204475000e+00      +2.317720820526339e+00
      +3.926875510288947e-01      -7.886844992223670e+00      +7.306484455186947e-01
      +4.317814011165398e+00      -5.188476588739839e+00      +7.440601244001999e-01
      -8.589832011798366e+00      +9.648190504048825e+00      +1.131049758834622e+00
      -1.611436235733319e+01      -1.327832245625900e-01      +7.970441125381712e-01
      +1.628255552506151e+00      +6.557085431224801e+00      +1.035717164849496e+00
      +4.661563996259745e+00      +3.543911309311333e+00      +7.931451481757981e-01
      -4.682319392363786e+00      -9.859192997692125e+00      +1.359565164203707e-01
      -1.501692656871290e+01      -6.071828475758489e+00      +6.141877877117294e-02
      -1.300844623582969e+01      -8.004231415559701e+00      +1.289182416800295e-01
      +4.856856159629475e+00      -5.288154218187128e-01      +2.684235788398560e+00
      -1.172030745668531e+01      +8.680708393492376e+00      +8.061824055531219e-01
      -1.604502893890142e+01      +3.196382033959005e+00      +6.664228139287657e-01
      +5.289269017312701e+00      -2.801611072563603e-03      +3.128228650619947e+00
      -4.702497835469154e+00      +9.847082876378325e+00      +6.988742240781773e-01
      -1.611631352277717e+01      -1.112967269073986e+00      +4.791743368835936e-01
      -1.006069759419150e+01      -9.117078644547213e+00      +3.376501809610332e-01
      +5.052014803520279e+00      +1.382798306393985e+00      +3.060756651624561e+00
      -1.610238783596383e+00      -9.019830665752155e+00      +4.259368757666525e-01
      +2.223362486842222e+00      -6.942889953316953e+00      +4.497148052110814e-01
      -7.037335757496583e+00      +1.005834339274536e+01      +5.525810934535024e-01
      -1.553968195154198e+01      +5.778091095933129e+00      +3.865091145490535e-01
      +3.749880634071121e+00      +3.820209427915140e+00      +4.770624795391841e-01
      +3.213711412735433e+00      +4.916208776670184e+00      +7.368050479233424e-01
      +2.290194226296724e+00      +6.170409600938897e+00      +5.341393291349550e-01
      +5.019279777986950e+00      -4.039887729459186e+00      +2.452004913311178e-01
      +5.094322710141912e+00      -3.914025758978678e+00      +5.853635829038948e-01
      -8.336248333301187e+00      +9.910039807632025e+00      +4.968035568981564e-01
      -2.678535668018965e+00      +9.326035871494382e+00      +6.232249782075165e-01
      +5.560753318868183e+00      -3.774850932801386e+00      +1.608065037655848e+00
      -1.172658601673750e+01      -8.539955374511228e+00      +3.772544341434803e-01
      -2.802588473617309e+00      -9.495828124752059e+00      +3.907633778365648e-01
      +3.598767009984329e+00      -6.029103507980615e+00      +2.104291493104129e-01
      +4.438626322783340e+00      -5.118300024105627e+00      +2.679644507518572e-01
      -1.294231442655224e+01      +7.983116421205194e+00      +4.203447952788825e-01
      -1.451895574350986e+01      +7.002482228435060e+00      +6.535115514517894e-01
      -7.849427234455066e+00      -9.671951838036810e+00      -1.444562041271297e-01
      +4.467945162968154e-01      -7.890774817433583e+00      +1.093420055284789e-01
      +5.430788238178736e+00      -1.580480006564520e+00      +2.957873962828869e+00
      -9.974119979545948e+00      +9.396573500422363e+00      +4.245696665076578e-01
      -1.414829360521741e+01      +7.219447529456849e+00      +2.947408983849727e-01
      +4.179665453025132e+00      +2.616500027040551e+00      +9.170582124351168e-02
      +6.280133498650202e+00      -3.914272992277993e+00      +2.316656402400077e+00
      +5.432141102231628e+00      -2.781135277601093e+00      +2.354584926008251e+00
      -1.387587259290666e+01      -7.613027194697746e+00      -4.140050788146404e-01
      -1.098501082116190e+01      -8.980824680014518e+00      -1.038195458398957e-01
      -1.513817395347653e+01      +6.334169172413251e+00      +3.844513527995574e-02
      -1.622124901847309e+01      +3.073604025121828e-01      -2.261608635270312e-02
      +4.723170613496909e-01      +7.664745666234100e+00      +3.910273141250768e-01
      +5.589167208516782e+00      -4.574270237908011e+00      +1.676528185675488e-01
      +6.111924351202563e+00      -4.547581287351060e+00      +1.488400504459964e+00
      +3.364792352391998e+00      +4.634690598613740e+00      +6.412535426723899e-02
      -9.420903114250763e+00      +9.603600102897326e+00      +5.893604429323127e-01
      -1.600975334483025e+01      +4.540423595422631e+00      +4.094077095742855e-01
      +4.910954759346708e+00      +3.910033149616334e+00      +1.592230789060793e+00
      -9.213835154623364e+00      -9.446904673472895e+00      -2.960221920589907e-01
      -6.201216729212976e+00      -9.845054289252595e+00      -2.990017660747428e-01
      +4.607291988118936e+00      +3.154376715700378e+00      +1.084105718642386e-02
      +3.682090596735435e+00      -5.702596869065771e+00      -2.747574549363062e-01
      -1.073271252032078e+01      +8.956494995105542e+00      +9.821137327015923e-02
      +2.553539153840455e+00      +5.943855997860040e+00      -2.016003489027154e-01
      -3.050376192305734e-01      +8.129975859365976e+00      +2.384875489507668e-01
      +6.184692427739392e+00      +1.593372190003051e+00      +3.750607011610799e+00
      +2.188168972024089e+00      -6.921949749120629e+00      -1.453150573815132e-01
      +4.583969526011185e+00      -4.641945284016645e+00      -1.120969848453729e-01
      -8.175457922700632e+00      +1.006393590813898e+01      -2.925281723599913e-01
      -1.601253641756610e+01      +4.703352228146790e+00      -3.031929738422987e-01
      -1.625966071009687e+01      +3.595320452816017e+00      +4.496046164105309e-03
      +1.671714055025096e+00      +6.845644409507821e+00      +1.176798939546420e-01
      -3.477874883530268e+00      +9.589038330463012e+00      +7.257939969569804e-01
      +5.345149856719484e+00      +3.099790231339336e+00      +2.979032531339558e+00
      -2.284199101219545e+00      -9.206271221389335e+00      -1.579832678771399e-01
      -1.402118404993594e+00      +8.498542717414093e+00      -3.227979651961175e-01
      -5.624563025194701e+00      +9.886050565451056e+00      -5.477709192207176e-01
      -1.468464194396879e+01      -6.852765944403090e+00      -5.109909876878105e-01
      -1.234040142285155e+01      -8.514010392637877e+00      -3.942031272652058e-01
      -4.644345808519159e+00      -9.678524910209090e+00      -5.987429269442053e-01
      -3.358317670621302e+00      -9.553679085583088e+00      -2.182235957369452e-01
      -7.042032351862074e+00      +1.013054312390625e+01      +1.884195708585666e-01
      -1.609097830684566e+01      -2.267037097926961e+00      -3.587491357450039e-01
      -1.137928340491806e+01      -8.853922539734105e+00      -7.071153078335373e-01
      -1.016198003466996e+01      -9.215938475294339e+00      -6.678313697918268e-01
      +5.795772620701722e+00      +4.611207285627426e+00      +2.024140164376076e+00
      +5.512331895537745e+00      +3.805669912723533e+00      +2.711280841323391e+00
      -1.596753901219058e+00      -8.524987722216796e+00      -1.021028558111963e+00
      +6.556691216308274e+00      -5.340758181284595e+00      +7.333571903328951e-01
      +6.209415800182243e+00      -3.293813640288248e+00      +2.704326180382396e+00
      -1.425789824571942e+01      +6.842265566227554e+00      -3.339175118983224e-01
      -1.608404090834483e+01      +3.621644960254235e+00      -6.682117632105963e-01
      +5.994983237945137e+00      +5.048767955253536e+00      +8.451059224073172e-01
      +5.464504796820426e+00      +4.583398992912697e+00      +9.693728422963469e-01
      +5.279441716574710e+00      +4.227905643151324e+00      +3.335058597352096e-01
      -1.592449694917752e+01      -3.892848983570555e+00      -6.105012776921874e-01
      +6.364775510674678e+00      +3.316911404452691e+00      +3.636243703627678e+00
      -6.879600824073036e-02      -8.009905313530362e+00      -6.324299691078200e-01
      +4.673386780956123e+00      -3.993550498099165e+00      -3.957572565492864e-01
      -1.150881715023237e+01      +8.297694818866182e+00      -4.214766755791381e-01
      -1.625044412920175e+01      +2.868421495151288e+00      -4.011329675214728e-01
      +1.131714055719754e+00      +7.268242299324763e+00      -3.463846768482781e-01
      -1.761686255531647e+00      +8.931350325242420e+00      +6.257551361969276e-01
      -3.755023976411607e+00      +9.407967224994628e+00      -1.581912687649701e-01
      -1.559354722696319e+01      -5.228431747000725e+00      -4.084181900166298e-01
      -1.320032786973231e+01      -8.090747308026604e+00      -6.901351959792688e-01
      -4.373629484440939e+00      -9.419744169179877e+00      -9.906774130078163e-01
      +2.971657832698016e+00      -5.891373828791425e+00      -7.458876604983065e-01
      +6.185163085215925e+00      -2.782625229386489e+00      +2.991249373147459e+00
      -1.546408549822768e+01      +5.793669615854215e+00      -3.250227143056830e-01
      -1.617516416128163e+01      +2.577443495413360e+00      -6.429457393170483e-01
      +6.296368600500873e+00      -9.740088435102370e-01      +3.538712301257786e+00
      +4.197590637563193e+00      +2.453736666849570e+00      -5.495514828541630e-01
      +2.969418513170409e+00      +5.186500865166844e+00      -6.238112359231457e-01
      +4.850498405416105e+00      -4.164408696014677e+00      -8.282484595883884e-01
      -9.229782752968521e+00      -9.270295945118553e+00      -1.085645764034957e+00
      +6.038082840155909e+00      -4.948156802001009e+00      -4.627880992570824e-02
      +6.558099841173859e+00      -5.196989982649654e+00      +1.160708168015470e+00
      -6.702109679679455e+00      +1.012168092013690e+01      -4.766677495773127e-01
      -1.590321732558702e+01      -3.653541188134240e-01      -1.124833065149382e+00
      -1.606348922050280e+01      -6.489349363176977e-01      -7.433063559287646e-01
      +6.692395968491306e+00      +5.334744834800193e+00      +1.589473150760295e+00
      +6.476084254653070e+00      -2.175381781011834e+00      +3.364995259398241e+00
      -1.523716704143524e+01      -6.117731449585859e+00      -1.087877088288673e+00
      -8.042660082832860e+00      -9.586236865476822e+00      -7.591305411706118e-01
      +6.414224203450487e+00      +4.810812540986112e+00      +2.457286349924027e+00
      +5.679425487047890e+00      +2.430116630193077e+00      +3.425194229687083e+00
      +2.237524972293583e+00      -6.650054717261756e+00      -6.201022716279153e-01
      +3.742994552000470e+00      -5.051919918613306e+00      -6.844496304241401e-01
      -1.502091437841466e+01      +5.388327682375486e+00      -1.025035976797476e+00
      +1.937572714926592e+00      +6.543406107693139e+00      -5.555154825688140e-01
      -1.444665208051459e+01      -7.114449753521326e+00      -1.292115821125092e+00
      +3.778787609763832e+00      +3.266796667227925e+00      -1.220858584783553e+00
      -7.612362204053052e+00      +1.007857587771762e+01      -7.462598052086425e-01
      -9.232353676388039e+00      +9.656636280540319e+00      -7.026009198725786e-01
      -6.642663722251185e+00      -9.613982145827100e+00      -9.628095022523739e-01
      +7.029633056669620e+00      +3.619043749418608e+00      +3.819987021231281e+00
      +7.051036256054304e+00      +1.171184427713475e+00      +4.131061526440867e+00
      +2.305589875418559e-01      +7.710506666222241e+00      -7.082451892146595e-01
      +7.149113423688545e+00      -5.357571390127168e+00      +1.693298912092661e+00
      +7.739918528201832e+00      -5.002722531438456e+00      +2.429067138312280e+00
      -1.579976782245518e+01      -2.664767890160139e+00      -1.440309532678820e+00
      -1.593041459684952e+01      -3.021323533005959e+00      -1.119375676613186e+00
      +8.192390888961187e+00      -6.233743256849824e+00      +1.492637950351158e+00
      -1.588840710496621e+01      +2.686916944840850e+00      -1.078229155850194e+00
      -1.566185281403121e+01      -1.748092421179731e-01      -1.471231432304224e+00
      -1.579365374074715e+01      -4.554035353636229e+00      -1.149853869019999e+00
      -8.222892177621020e+00      -9.149618615878577e+00      -1.521017626058548e+00
      +6.556420542700339e+00      +4.093689537259719e+00      +3.312093888180081e+00
      -3.029559310599771e+00      -9.246739043254003e+00      -7.176546957186860e-01
      +1.355552523957172e+00      -6.595297351787709e+00      -1.348560465555210e+00
      +4.724581699693823e+00      -3.894927012523037e+00      -1.404854513240759e+00
      +7.931398729527955e+00      -6.366468813763674e+00      +9.208582033801007e-01
      +7.422732160178817e+00      -5.979507385033057e+00      +1.062061617228131e+00
      -1.565293749871040e+01      +4.533576631650361e+00      -9.387011638832248e-01
      +6.689826194557527e+00      +5.455922071967687e+00      +8.697477188083720e-01
      +3.914908404161296e+00      -4.174154617974506e+00      -9.080576745900502e-01
      +7.744633424867613e+00      -3.878620814644377e+00      +3.220734406151512e+00
      -1.135821782257337e+01      -8.677481932440427e+00      -1.367576900626273e+00
      +5.270187394504129e+00      +3.226309569815045e+00      -1.594013354708414e+00
      +6.416669189315397e-01      -7.340925164252210e+00      -1.147130943829642e+00
      +3.913952597569028e+00      -3.248436279936600e+00      -1.144140024379472e+00
      +7.099695285702682e+00      -5.880840663532570e+00      +4.599924650719729e-01
      +6.173355123720227e+00      -5.014724068788162e+00      -5.965707762679245e-01
      -1.232188970665237e+01      +7.294878159536020e+00      -1.155155045397643e+00
      -1.571904171428688e+01      +3.591904573394606e+00      -1.125826763402340e+00
      -1.484675303531407e+01      -6.552056693131678e+00      -1.539777717298291e+00
      -1.407271404011421e+01      -7.404688320628448e+00      -1.463049910069138e+00
      -1.341658583153128e+01      -7.635351300569104e+00      -1.899116081515232e+00
      -7.269548092117919e+00      -8.952704925211785e+00      -1.875593901224043e+00
      +6.825543018096262e+00      +2.376687687843789e+00      +4.042765485961224e+00
      +7.897578116549240e+00      -3.054601031325055e+00      +3.709186199133981e+00
      -1.533459601487427e+01      -5.549192143379083e+00      -1.676124523617153e+00
      -1.274444077046319e+01      -8.223202946985108e+00      -1.365783508491833e+00
      -1.047490927404496e+01      -8.580752308805222e+00      -1.871924712672704e+00
      -7.158899004886655e+00      +9.807549260474527e+00      -1.345953278141728e+00
      -9.793067729467738e+00      +9.145811392817313e+00      -1.253940542293019e+00
      -1.424076931485276e+01      +6.279921436158539e+00      -9.432563828144058e-01
      +2.435447700691015e+00      +5.797073823019917e+00      -1.020799578619307e+00
      -5.716522544868605e+00      +9.733157314340938e+00      -1.053307398505173e+00
      -1.509274662454228e+01      +3.587137840554657e+00      -1.567897063943828e+00
      +7.491520639959278e+00      +5.737102866213613e+00      +1.295060504839091e+00
      +1.349673338368248e+00      +6.801963504170048e+00      -1.211639968784953e+00
      -8.817533631746166e-01      +7.923385446929701e+00      -1.249059518978675e+00
      -1.563701492329015e+01      -4.181065450016291e+00      -1.687107239389517e+00
      -5.750508834212773e+00      -9.428648528466239e+00      -1.257223880682010e+00
      +7.502956439933055e+00      +5.422308596837630e+00      +2.324767263854493e+00
      +7.658101857710236e+00      +1.761913799097288e+00      +4.367513078754667e+00
      +4.170255573395179e+00      +2.074003053475515e+00      -1.383075248899147e+00
      +6.132158409526560e+00      +4.962931545350932e+00      -3.789384554346953e-01
      +5.776219120240662e+00      +4.484030605769026e+00      -5.535097345335708e-01
      +3.668952967349978e+00      -2.265721659954645e+00      -1.518241765318018e+00
      +7.528159717496330e+00      +2.806707353388434e+00      +4.219918039168975e+00
      +6.533609769834792e+00      -4.770591169698564e+00      -1.690814990384214e+00
      -8.625677049969424e+00      +9.697966332445123e+00      -1.276493338884083e+00
      +3.054360756148712e+00      +4.443554057279876e+00      -1.539089819206607e+00
      -1.522138347226460e+01      -5.061905006651752e+00      -2.024789568164115e+00
      -1.307419296446167e+01      -7.318232872972963e+00      -2.424888219003330e+00
      +7.465923568820847e+00      +4.914399856549717e+00      +3.090189433683229e+00
      +7.623412088860124e+00      +4.318214107884653e+00      +3.637335476254604e+00
      -3.928639457593848e+00      -8.612393622414166e+00      -2.115304880279415e+00
      +8.071044541717743e+00      -2.299466249527071e+00      +4.024975549885666e+00
      +2.138525196963234e+00      +5.805490799377732e+00      -1.506934344706878e+00
      +9.234473915463948e+00      -6.614896706099320e+00      +1.592951120573507e+00
      +8.957926344302367e+00      -4.032355921866182e+00      +3.673607535054071e+00
      -1.540209497416306e+01      -3.335594975294265e+00      -2.043106819625835e+00
      -1.181652759328610e+01      -8.155595427647103e+00      -2.072919766336877e+00
      +8.054647600357068e+00      +3.328873638794701e+00      +4.180157742756117e+00
      +5.057757336754027e+00      +2.477824836085718e+00      -2.282106208858510e+00
      +6.525551281968566e+00      -5.084186807146517e+00      -1.125979554696154e+00
      -1.243303695842915e+01      +6.764077933696133e+00      -1.577349318097777e+00
      -1.467681049475733e+01      +4.750245374695115e+00      -1.512405606887651e+00
      -1.515778827844774e+01      -3.982204487959263e-01      -1.997262427784267e+00
      -1.468916942470972e+01      -5.641990850742548e+00      -2.340792735375642e+00
      -1.439465094019322e+01      -6.510438552756385e+00      -2.200144987174714e+00
      +9.281528530148089e+00      +6.017989452947497e+00      +2.337550620742729e+00
      +8.264214784598728e+00      -1.480613694747294e+00      +4.255859656748685e+00
      -9.408159719604859e+00      +8.853581551753363e+00      -1.837175905092750e+00
      -1.034752529497743e+01      +8.565090010755711e+00      -1.519632625664966e+00
      -1.361373867414195e+01      +2.809704427725266e+00      -2.458547666058397e+00
      -1.546098812869296e+01      +2.836995400312055e+00      -1.455162118040956e+00
      +6.748055341625808e+00      +5.460650310043660e+00      -4.469843810473267e-01
      +2.751009961639558e-01      +6.784005091547210e+00      -2.086869812535525e+00
      +2.837739568468047e-01      +7.256019949288892e+00      -1.502810234672876e+00
      +2.371343556709670e+00      -5.122968952187517e+00      -1.475608560528533e+00
      +6.751810280186836e+00      -4.336414065779683e+00      -2.379547684816330e+00
      +8.685906022610304e+00      -6.116372508374183e+00      +2.006841699192569e+00
      +9.413136349465878e+00      -5.130330352410170e+00      +3.227122487802050e+00
      +9.175452099045417e+00      -3.176343403278014e+00      +4.102044782450707e+00
      -1.037397461050970e+01      -8.206188062936397e+00      -2.355683726866488e+00
      +9.211375665207655e+00      +5.547996468186536e+00      +2.945718578400095e+00
      -9.630702976300739e-01      -7.720548698276782e+00      -1.869455351312720e+00
      +1.570062990729126e+00      -5.039823587567308e+00      -1.971901522486559e+00
      -1.439725379491972e+01      +5.468694702770765e+00      -1.344867871435156e+00
      +6.645459034757199e+00      +5.271446674309261e+00      -1.423330245682809e+00
      +6.169436404732545e+00      +4.579075621237083e+00      -1.754941723929769e+00
      -3.464057826183976e+00      +8.769286251157290e+00      -1.308072017240177e+00
      +9.585390615313607e+00      -5.743323474582031e+00      +2.874844024263255e+00
      +1.058373425483213e+00      -6.080671430454555e+00      -1.859313434442526e+00
      +3.728757955977033e+00      -1.702410749912937e-01      -1.992647083052726e+00
      +7.791854649552437e+00      -6.347810869612197e+00      -1.164672790533668e-01
      +7.716433947392914e+00      -5.536113048436997e+00      -1.726845635129105e+00
      -8.365505002347577e+00      +9.188761735217795e+00      -1.921622110376884e+00
      -1.218687829013642e+01      +6.327149565663195e+00      -1.984942571650169e+00
      -1.465540362124980e+01      +4.909906184665245e-01      -2.277997507086942e+00
      +7.966220338072961e+00      +4.352841192761528e-01      +4.423463404889894e+00
      +8.663731369743424e+00      +9.528472944837068e-01      +4.636211560325099e+00
      +3.504872748023922e+00      +2.259553748228661e+00      -2.160428109221659e+00
      +3.484202662580167e+00      +3.040086459914684e+00      -1.936117440137882e+00
      +3.663327854196408e+00      -1.061078289100976e+00      -1.857222929094591e+00
      -1.477959150757524e+01      -1.989610197591395e+00      -2.443160349133211e+00
      -1.171647512753435e+01      -7.679423364856859e+00      -2.590469893083146e+00
      -8.442839178190379e+00      -8.183540087987980e+00      -2.576762675191756e+00
      +8.532817007961023e+00      +4.591373275708114e+00      +3.595153983617612e+00
      +8.704823229035043e+00      +3.747977261329549e+00      +4.054274836643464e+00
      +3.197375725521641e+00      +1.148944413501016e+00      -2.456366977792599e+00
      -2.461111368205113e+00      -8.211702804347077e+00      -2.090574387749391e+00
      -2.990854000228508e-01      -6.789356939504843e+00      -2.293261744389497e+00
      +4.048509524228263e+00      -2.410636859586955e+00      -1.893791090154624e+00
      +4.525190733897439e+00      -3.201979620770370e+00      -1.873800915994806e+00
      +4.041405476953665e+00      -1.511550818854314e+00      -2.135002797677340e+00
      -1.245084401676647e+01      +5.582651400962885e+00      -2.180073095452932e+00
      -1.433904575417353e+01      +1.798310674712327e+00      -2.290623727361519e+00
      +7.475188724778161e+00      +5.823428281204188e+00      -1.524195978839902e-01
      +3.897782320646278e+00      +9.634351106680754e-01      -1.965236077471362e+00
      -1.087109504091856e+00      +7.539105274672654e+00      -2.006255544860793e+00
      -3.501247152699020e+00      +8.156041028186792e+00      -2.179759031106519e+00
      -5.899654840143231e+00      +9.389310698217253e+00      -1.622367395428818e+00
      +1.047588641662394e+01      -6.390774660441254e+00      +2.623115204643489e+00
      -1.311017892236202e+01      -6.841673230608857e+00      -2.716519198271289e+00
      +9.370429910103580e+00      +2.232579079140866e+00      +4.513263278539515e+00
      -1.817619216205326e+00      -7.502916321046789e+00      -2.545375464061326e+00
      +2.378905780001074e+00      -3.393405893774887e+00      -1.927692591963215e+00
      +5.193076926466729e+00      -3.690679872928738e+00      -1.987773155810672e+00
      +6.877825527635887e+00      +5.118504708591086e+00      -2.332657854282437e+00
      +2.647377337758282e+00      +4.427147298065819e+00      -2.078565119954780e+00
      +1.038617189885233e+01      -5.156389628936958e+00      +3.503387819762321e+00
      -1.440921703424796e+01      -2.764995032202567e+00      -2.701296162054518e+00
      -5.711313246209111e+00      -8.280639308217312e+00      -2.676046914674798e+00
      +5.380949364433564e+00      -1.002049782067531e+00      -3.265681831461657e+00
      +8.710374458615274e+00      -6.770471651197232e+00      +5.560950129955531e-01
      +9.163714619755071e+00      -1.858053559266430e+00      +4.435117087851236e+00
      -6.985719648308510e+00      +9.222392597326843e+00      -1.962123110834832e+00
      -1.052598958350070e+01      +7.807538166766888e+00      -2.063899703115016e+00
      +1.035073045781936e+01      +2.346212872368669e+00      +4.389052215542713e+00
      -5.225070841140711e+00      -8.584090956745953e+00      -2.337957099488734e+00
      +8.267041122572664e+00      -5.470109499827183e+00      -2.157590565992475e+00
      +1.007339566604158e+01      -2.053522350876024e+00      +4.545630080276375e+00
      -7.630590268544426e+00      +8.605335945533589e+00      -2.387628570691983e+00
      -8.807497501235053e+00      +8.190755216356647e+00      -2.442903000925209e+00
      +1.014304826336870e+01      +4.389939233599400e-01      +4.853519786928701e+00
      +7.695487469364749e+00      +5.696703849910689e+00      -2.244434986093626e+00
      +9.974060711158085e+00      -3.801822114493871e+00      +4.053461370454153e+00
      -1.470602974418140e+01      -4.422112058417201e+00      -2.570387257680005e+00
      +1.026300649962708e+01      +4.585458633508347e+00      +3.532647116490835e+00
      +2.977380513377573e+00      +2.207816870125022e+00      -2.525363720532600e+00
      +1.632670632837325e+00      +5.630161058579121e+00      -2.158635631087748e+00
      -3.571832845578557e+00      -7.955927495183159e+00      -2.741104497282730e+00
      +8.075347993354599e+00      -6.179016592539336e+00      -1.062359916346478e+00
      -9.657333648196303e+00      +8.077224287988271e+00      -2.276446208066310e+00
      +8.677144789849658e+00      +1.907237264146879e+00      +4.568130301895323e+00
      +9.364267189662550e+00      +6.215542839548543e+00      +1.949791000052013e+00
      +7.435558912428816e+00      +5.863489267795501e+00      -1.459188910777619e+00
      +5.082917689679968e+00      +1.856744704215453e+00      -2.699362753705511e+00
      -2.214353188112682e+00      +7.656604395658982e+00      -2.328717389641844e+00
      +1.010861018944500e+01      -6.888797439124815e+00      +1.470491662843085e+00
      +1.090837406535699e+01      +6.152181655816393e+00      +2.584884534982266e+00
      -1.139329758849945e+00      -6.729190332362069e+00      -2.770122606980644e+00
      +9.922006362409268e+00      -5.375772828410249e-01      +4.798365634415646e+00
      +8.903412285797982e+00      -1.426089732552120e-01      +4.655640381564831e+00
      +2.218202937799486e+00      +4.052518832435048e+00      -2.575558215429095e+00
      +4.219253778447388e+00      +1.854830388717018e-01      -2.395981437146843e+00
      -1.401313679758949e+01      -5.606780363106169e+00      -2.765243259562297e+00
      -1.041056259343654e+01      -7.499231771389683e+00      -2.941739895004720e+00
      +1.089150648608214e+01      +5.674934657167041e+00      +2.975875566114174e+00
      +9.437114018500671e+00      +6.455312852408803e+00      -1.500164386280719e-01
      +6.587613184951179e+00      +4.237743400038523e+00      -2.882272835812446e+00
      +6.133864085496409e+00      +4.062773892666844e+00      -2.477959372539087e+00
      +1.133103632592028e+01      -6.806511714086433e+00      +2.198437508800061e+00
      -1.302867048568513e+01      -6.027327606148001e+00      -3.038670306681531e+00
      -1.181019780459652e+01      -6.901742091352280e+00      -3.031284274007360e+00
      +5.142032802832121e-03      -5.644465346591508e+00      -2.733596267030705e+00
      +1.104340667046710e+01      -6.985393433385585e+00      +1.444694985257396e+00
      +1.111107768700329e+01      -2.999102255469903e+00      +4.400322087478100e+00
      -6.851503370312828e+00      +8.688556947490378e+00      -2.331221261607311e+00
      -1.091204156348880e+01      +6.657255702906932e+00      -2.454909402550381e+00
      +1.043690363342986e+01      +1.078246276939088e+00      +4.781624577875979e+00
      +2.994142773351388e+00      +6.774082558817791e-02      -2.478260286760649e+00
      +1.100441987169034e+01      -4.444330122772687e+00      +3.911382082833244e+00
      -1.339622163079247e+01      -4.901843280428413e+00      -3.103112520693849e+00
      -9.034551918429218e+00      -7.483640429654077e+00      -3.055104016620792e+00
      +8.679679923402100e+00      -6.078688177847194e+00      -1.638729194122822e+00
      +9.084818916823886e+00      -5.437509126974684e+00      -2.465957042856416e+00
      -8.382200368030249e+00      +7.500995213426945e+00      -2.829592294843717e+00
      +5.392280839238431e+00      +1.097879341998497e+00      -3.164466260332365e+00
      +7.645089519723944e-01      +5.737956355532220e+00      -2.636778116941673e+00
      +1.116735783875523e+01      -5.984739752340650e+00      +3.080862313739184e+00
      -4.797391700016194e+00      -7.480781647959494e+00      -3.200162796511282e+00
      -1.393161087142484e+00      -6.124130567066397e+00      -3.139630469816594e+00
      +6.000560429468863e+00      -2.003781467528056e+00      -3.566228925881546e+00
      -1.031131617976180e+01      +6.062282568820229e+00      -2.886172144693839e+00
      +8.430809533101275e+00      +5.522858303184696e+00      -2.778689075155932e+00
      +6.219435624510953e+00      +2.745895119048247e+00      -3.417665266929699e+00
      +1.846894706841095e+00      +3.343087266430563e+00      -2.939817299571102e+00
      -1.387672248475148e+01      -1.695151005826898e-01      -2.812195904412288e+00
      -6.329142697512939e+00      -7.830551011017295e+00      -3.002567194111162e+00
      +8.928828662992995e+00      -6.762490980657280e+00      -2.617859688406977e-01
      +9.944395919858213e+00      -6.770843868994537e+00      -6.445251987449262e-01
      +9.035693730997577e+00      -6.543903378201232e+00      -9.658725257283378e-01
      +1.091808551751866e+01      -1.441167185668409e+00      +4.725239321408882e+00
      +7.368761580939067e+00      +4.662168279893126e+00      -3.126993935111132e+00
      -1.113576875805112e+00      +6.871050669374720e+00      -2.683887824721202e+00
      +1.997966542998898e+00      -1.859658982002511e+00      -2.596045361681348e+00
      +2.351679049254443e+00      +2.861458231522041e-02      -2.783428208885221e+00
      +1.209053312207853e+01      -6.957981770260444e+00      +1.567766886166502e+00
      +1.191828156167285e+01      -6.456195865364331e+00      +2.636660357937378e+00
      +1.122412155067670e+01      +6.462392287229462e+00      +2.163606682473277e+00
      +6.116508649562802e+00      +3.350033621988953e+00      -3.049747093361736e+00
      +9.878552003111730e+00      -6.948787874137065e+00      +3.433698210113827e-01
      +8.320872321135157e+00      +6.208546241550124e+00      -1.040213853775343e+00
      +1.175273100471179e+01      -5.234445058902786e+00      +3.537949478727400e+00
      +1.222984461263096e+01      -3.910060857950051e+00      +4.098421320819532e+00
      -1.309138076964844e+01      +2.204628726808161e-02      -3.166348623764686e+00
      -1.391165580932051e+01      -3.509480444512255e+00      -2.957975870985252e+00
      +5.920748920948757e-01      -4.186722244889411e+00      -2.867232447263500e+00
      +8.336604515174050e+00      -4.395304678395677e+00      -3.090138382035906e+00
      +6.891002130427117e+00      +3.499902927667925e+00      -3.555192392330854e+00
      +6.844319559907417e-01      +4.688809780909880e+00      -3.109875279124836e+00
      -1.695844418781166e+00      +6.611878143741961e+00      -3.055790216103357e+00
      -2.802485555952063e+00      +7.416675734210525e+00      -2.731941930656146e+00
      -4.910213823437788e+00      +8.226123913486685e+00      -2.451280757149488e+00
      +1.218285642920580e+01      -5.809173728893043e+00      +3.142784862077470e+00
      -1.173384624553611e+01      -5.175246107142167e+00      -3.508684785870716e+00
      +1.146798302820389e+01      +1.377761233769235e+00      +4.678942310091028e+00
      +1.954106432856057e+00      +2.266685715442390e+00      -3.020102891872251e+00
      +2.073917378647194e+00      +1.280432330845696e+00      -2.998344321188515e+00
      -1.364482277272059e-01      +5.720149756556703e+00      -3.036469225151084e+00
      +1.246911158132960e+01      -1.689151265998526e+00      +4.680479789419094e+00
      -6.791048391886979e+00      +7.399015452017569e+00      -3.017900654435786e+00
      -9.758649647130675e+00      +7.010103389969029e+00      -2.728534657818722e+00
      -1.324874413190115e+01      +4.392923670432834e+00      -2.227087120295412e+00
      +5.846818769998871e+00      -4.753573959536498e-01      -3.589919229558935e+00
      +1.248697451976023e+01      -2.690875860070649e+00      +4.488207896188022e+00
      -1.022417967619482e+01      -6.494135398459766e+00      -3.442372632300825e+00
      -6.693126898217151e+00      -7.298638637000597e+00      -3.301029239121303e+00
      +1.157800986753350e+01      +3.256434297222434e+00      +3.836245194244231e+00
      -3.840171698157173e+00      -6.977297269061424e+00      -3.353574730257126e+00
      -2.496174973244601e-01      -4.693450944910767e+00      -3.148934177074013e+00
      +1.234813044375344e+01      +6.633307777430070e+00      +1.569359494559964e+00
      +1.074152751020398e+01      +6.616057949524362e+00      +1.665869232501220e+00
      +8.727781601064155e+00      +6.252616605308544e+00      -1.647871178124243e+00
      +9.008889820426944e+00      +6.104008155365767e+00      -2.124592009194470e+00
      +6.339684898026213e-01      +3.365224750274562e+00      -3.409667188460943e+00
      +1.361980321400705e+01      -3.156274348431729e+00      +4.244314421084087e+00
      -1.152562104232371e+01      -2.313693227217045e+00      -3.715989337370194e+00
      -1.289847327413752e+01      -4.108349938615365e+00      -3.303499073612601e+00
      -1.203529327320476e+01      -5.946449924092096e+00      -3.313107022882201e+00
      -8.361454529579982e+00      -6.928496613104146e+00      -3.405981967118850e+00
      +1.220912354795571e+01      +5.280253853703611e+00      +3.101647794631171e+00
      +1.165297604861408e+01      +2.019231382673512e+00      +4.433274601066746e+00
      -2.706335267127099e+00      -7.063255520320334e+00      -3.127554688122595e+00
      +6.094027504275290e+00      -2.657470477152606e+00      -3.346677433613320e+00
      +1.301448658167928e+01      -6.968439476271750e+00      +4.461724035027469e-01
      -1.106903616413723e+01      +5.144400971999766e+00      -2.895194674628664e+00
      +9.872637716522702e+00      +6.515101333697101e+00      +1.134330478694678e+00
      +9.233350500121688e+00      +5.405818024694027e+00      -2.985236096499178e+00
      +6.832249730859180e-01      -2.789492213465710e+00      -3.146894205802365e+00
      -6.185053705359329e+00      -6.789857591823275e+00      -3.544655446407240e+00
      +1.159608051936348e+01      +6.126442721640959e-01      +4.835704453058451e+00
      +1.240908924748206e+01      +6.358691595554085e+00      +2.192270594869497e+00
      +8.446723819445541e+00      +4.440552489444276e+00      -3.550298675377338e+00
      +8.153072521492772e-01      +1.420249020355446e+00      -3.466687479386039e+00
      +9.663698779012726e+00      -6.177772138747430e+00      -1.784871494843998e+00
      +7.589825064987965e+00      +3.808573392068054e+00      -3.697005372257848e+00
      +1.296351573368038e+01      -4.289015017570287e+00      +3.830313572575286e+00
      +1.150409981984216e+01      -5.180955987721115e-01      +4.863333770381493e+00
      +1.235700537939987e+01      +5.899685235321492e+00      +2.699684785629495e+00
      +6.835981184892725e+00      -3.233407717900755e+00      -3.451141290232012e+00
      +1.117468613819446e+01      -7.016825925035391e+00      +7.263697300979334e-01
      +1.014103266614168e+01      -5.584508882636026e+00      -2.463028929715475e+00
      -1.313968237826093e+01      +1.246535947815622e+00      -3.011081076329251e+00
      +9.270318211301259e+00      +4.886444674117723e+00      -3.371381700844594e+00
      +6.145853153816500e+00      +1.751502801570919e+00      -3.590363769374187e+00
      +1.416116135849999e+01      -3.280204775843698e+00      +4.037863890288824e+00
      +9.952611828869255e+00      -4.821566859450817e+00      -3.070548442890665e+00
      -3.920731512904087e-01      +4.743979539718321e+00      -3.474508639825166e+00
      +1.363722868721876e+01      -6.786584774194117e+00      +8.874999920110016e-01
      +1.270547443051098e+01      -6.683653849006592e+00      +2.001490724502513e+00
      -9.757852248909666e+00      -5.667512611243926e+00      -3.724360833235056e+00
      +1.328981919820989e+01      +2.039716026865799e+00      +4.407899735045405e+00
      -1.328258910269998e+00      -5.191731190143265e+00      -3.413495440973124e+00
      +6.929701306328411e+00      +2.208273148179656e+00      -3.931242816239199e+00
      -2.884985057937374e+00      +6.720874545370550e+00      -3.253201488304784e+00
      -4.770977150210920e+00      +7.194383925834066e+00      -3.138488526658307e+00
      +1.291373343784839e+01      -5.695664297062387e+00      +2.989758702352614e+00
      -1.075450574151176e+01      -3.125248573603653e+00      -3.879651982329318e+00
      +1.351552646579557e+01      +6.140487210884547e+00      +2.054852450162784e+00
      +1.281375072700371e+01      +3.932957343440346e+00      +3.521984652171492e+00
      +1.301225883116795e+01      -8.322763369195868e-02      +4.781950356685274e+00
      -2.607231989584461e+00      -5.854031656785292e+00      -3.528914599064993e+00
      +6.629733546304528e+00      -2.250204785399994e+00      -3.839468251644294e+00
      -1.222484750204830e+01      +2.393503763406145e+00      -3.179678479919975e+00
      -1.187780277378821e+01      +1.487120452886800e+00      -3.504424868689534e+00
      +9.858089990101391e+00      +6.114574444832595e+00      -2.197919664562652e+00
      -4.883981343616450e-01      -3.438152698222591e+00      -3.546767796583106e+00
      -1.256438891412837e+01      -1.021749925161202e+00      -3.409496858433977e+00
      -7.586448079167022e+00      -6.137413327216915e+00      -3.761229325017776e+00
      +6.798665909289960e+00      -6.996215174345950e-01      -4.128535011614892e+00
      +1.090881248942976e+01      +6.849615565254753e+00      +2.898285730547894e-01
      +9.571407853875526e+00      +5.836313461420150e+00      -2.567558381737020e+00
      -7.045223433854441e-01      +3.943592690732277e+00      -3.729575964938268e+00
      +1.296340819295212e+01      -6.402352032252535e+00      +2.310730638656273e+00
      +1.360561970668839e+01      -5.569762499266129e+00      +2.713125937280708e+00
      +1.447666945772822e+01      -2.095920537311603e+00      +4.332594244029062e+00
      +1.347311660649743e+01      -2.403007805374805e+00      +4.491659868411078e+00
      +1.371911728009223e+01      -1.502103362931193e+00      +4.604473938518809e+00
      +1.372479331135665e+01      +2.501968862935262e+00      +4.173348189770326e+00
      -3.859776444015546e+00      -6.081301538555267e+00      -3.660490814860990e+00
      +6.350397665160189e+00      -1.366793777816596e+00      -3.883716300819367e+00
      +1.026058517637862e+01      +6.666924467010795e+00      -6.082184315718748e-01
      +9.413489537603066e+00      +4.111235702248505e+00      -3.783242475083236e+00
      +3.546505091558774e-01      -2.102445001178205e+00      -3.424527524656669e+00
      -5.642208663768520e+00      -6.334805036651299e+00      -3.720681103559056e+00
      +1.382085204060656e+01      +3.766319746666498e+00      +3.463767802318041e+00
      +8.254363387594390e+00      +3.271501067140499e+00      -4.005415023401176e+00
      -3.222489724335472e+00      -4.945464598361418e+00      -3.860152479545233e+00
      +8.690250281105772e+00      -3.662659612375441e+00      -3.631702668084910e+00
      +1.142102310694278e+01      -6.550868910841773e+00      -1.085765223945958e+00
      +1.142272051199705e+01      -4.518507655326083e+00      -3.305898491408919e+00
      +7.400471342843120e+00      +2.375662491134884e+00      -4.048528054687853e+00
      +1.340476659425686e+01      +1.090417900534093e+00      +4.664741074564829e+00
      -5.055961548774528e-01      +2.244997141740803e+00      -3.838779712648842e+00
      -4.004132800562530e-01      +3.788268821166213e-01      -3.853033978836955e+00
      -1.689708387706860e+00      +5.646345652197192e+00      -3.537064102138123e+00
      -1.944812255120623e+00      -4.233647651824954e+00      -3.784774219362048e+00
      +7.487448649385366e+00      -1.542978367638562e+00      -4.337043790976121e+00
      +7.585635406116856e+00      -2.679819965260554e+00      -4.030261696515208e+00
      -8.817207750448436e+00      +4.167321115146695e+00      -3.802119536736223e+00
      -1.123584639701141e+01      +2.917466788462617e+00      -3.445655887241498e+00
      -1.608383002020048e+00      +3.456599687028120e+00      -3.992984603494070e+00
      +1.477141609819002e+01      +2.575578176039120e+00      +3.957938841947342e+00
      +1.473511475180428e+01      +5.890213027971221e-01      +4.489180908957813e+00
      +1.302478607954863e+01      -6.940438628554749e+00      -2.302516664125457e-01
      +1.159720976845752e+01      -5.152264718896623e+00      -2.733266474137515e+00
      -5.436257221274194e+00      +6.105011913872986e+00      -3.637682579306090e+00
      -8.786411502247862e+00      +5.904360429435894e+00      -3.332748206240340e+00
      +1.177183548422211e+01      +4.732677830826763e+00      -3.606058508213677e+00
      +1.482870638686027e+01      -3.352919394569716e+00      +3.673286123922028e+00
      -1.180370845875368e+01      +4.567788923500027e-01      -3.637459836480565e+00
      -8.477876288359431e+00      -4.302816571442706e+00      -4.164116130807887e+00
      +1.326886677524168e+01      +5.440955584375812e+00      +2.842645940474742e+00
      +1.463539973453055e+01      +3.792050486367628e+00      +3.243976043055917e+00
      -9.915141402660417e+00      +4.015220522775737e+00      -3.579709017003315e+00
      -2.522810380391289e+00      +4.781326663711897e+00      -3.913691613896241e+00
      +1.987889307094094e-01      -1.138061710466118e+00      -3.605178162268332e+00
      -7.811848874223730e+00      -5.325371224594685e+00      -3.992634761945412e+00
      +1.333845808859421e+01      +6.531259440069459e+00      +8.155657332763608e-01
      +1.053802453101666e+01      -3.984945173130348e+00      -3.602681208694250e+00
      -6.818927109117404e+00      +5.761371596707168e+00      -3.662593125643314e+00
      -7.873814171572054e+00      +4.134663682815188e+00      -3.972086826472592e+00
      -3.598895650464954e+00      +6.009829376401253e+00      -3.664823905339308e+00
      +1.461147865225941e+01      +4.923846032747157e+00      +2.667063644538223e+00
      +1.268001195628243e+01      -5.654528232703675e+00      -2.000922419283659e+00
      +1.241025984578077e+01      +6.789880690535608e+00      -3.898963307179329e-01
      +8.056534603031567e+00      +2.226493971031858e+00      -4.211019797287831e+00
      -7.837524845693826e-01      -2.204082339468577e+00      -3.829013502688805e+00
      +1.496172426497344e+01      -2.655025200340165e+00      +3.971452787564956e+00
      +1.483351321968242e+01      -8.696726251885445e-01      +4.392097984022564e+00
      -6.205717919365010e+00      -5.145408921290938e+00      -4.075944054327604e+00
      +1.436504289144655e+01      +1.805217862627288e+00      +4.385814842216171e+00
      +1.096838388138037e+01      +3.885288119047213e+00      -3.906271830360119e+00
      +8.777280661522662e+00      +2.900494036179429e+00      -4.149250585575051e+00
      +1.189942272064980e+01      -6.037716735250696e+00      -1.715857436195186e+00
      +1.267419394992686e+01      -4.317328109665770e+00      -3.329244714059838e+00
      -5.651819523259013e+00      +4.676046526203043e+00      -4.053717850963790e+00
      -1.079020960817112e+01      +1.692100561134708e+00      -3.847169546796533e+00
      +1.168644052158494e+01      +6.869427969092329e+00      +6.742554571168203e-01
      +1.148506851607255e+01      +6.809264910209387e+00      -5.657185145127328e-01
      -2.878243755649187e+00      -3.247956814589145e+00      -4.152995179144846e+00
      +1.406877265297371e+01      +3.619322814085819e-02      +4.634453431380040e+00
      -1.122568311862083e+01      -4.878633109532799e-01      -3.850165311098929e+00
      -8.901686413296234e+00      -2.069284287022022e+00      -4.384473201741796e+00
      -4.156143059584845e+00      +5.191457210370191e+00      -3.942276480891952e+00
      -4.839298925543650e+00      -4.688261392698664e+00      -4.113135879440113e+00
      +8.439667021082593e+00      -2.777537310417949e+00      -4.104731279624030e+00
      +1.324381671451815e+01      -6.659700984486758e+00      -9.431102901073176e-01
      -9.675594221722777e+00      +2.823062991263878e+00      -3.927108670896899e+00
      +1.211418819811136e+01      +5.260449787315446e+00      -3.304842504864288e+00
      -1.796760412602514e+00      -2.451464251707632e+00      -4.065515446543335e+00
      +1.467286851986548e+01      -5.700140750671612e+00      +1.880834969142436e+00
      -9.558236588134665e+00      -1.094854142323488e+00      -4.297304174866285e+00
      -7.211144641134261e+00      -4.147872992767892e+00      -4.298104004847489e+00
      +1.490018737349586e+01      +5.457604749356063e+00      +2.133828091770943e+00
      +1.277799787808489e+01      +4.788311599736960e+00      -3.496556695433326e+00
      -3.243220470227604e+00      +4.094301228158765e+00      -4.130435656052099e+00
      -9.190105175005431e+00      -3.193056330986860e+00      -4.213694045158737e+00
      -1.628716140932974e+00      +1.064190045275448e+00      -4.169319424932710e+00
      +1.187537742666334e+01      +6.667370280544420e+00      -1.015079169073939e+00
      +1.042568170493056e+01      +6.492593161713287e+00      -1.455960093033883e+00
      +1.225238560795937e+01      +4.068183561007074e+00      -3.779075773984761e+00
      -1.316520297352674e+00      -9.195357378186393e-01      -4.093042387831517e+00
      +1.508806992386821e+01      -6.495331419589498e+00      +3.987710068044100e-01
      +1.446284584989597e+01      -6.775557181788398e+00      -2.090605147207245e-02
      +1.541253359045552e+01      -4.156930573407012e+00      +2.560153330125702e+00
      +1.466343136345434e+01      +5.904718025308541e+00      +1.365506162498281e+00
      +1.537247510781702e+01      +3.597407478975198e+00      +3.075518766015599e+00
      +1.556243778953555e+01      +2.120989810461000e+00      +3.898200310404681e+00
      -2.709234524436322e+00      +4.757101967530179e-01      -4.399671746406427e+00
      +8.540798265279117e+00      -2.067257968020608e+00      -4.372734464782084e+00
      -4.149362544936039e+00      -3.796235106243156e+00      -4.233958803223084e+00
      +1.376875772649797e+01      -6.358759287408641e+00      -1.253927347467987e+00
      +1.403559237407738e+01      -6.752339276389169e+00      -6.256896427134433e-01
      +1.524940359303443e+01      -1.566820256050866e+00      +4.137555801368740e+00
      +1.323757981866586e+01      -5.221275013420072e+00      -2.282455918247040e+00
      +7.908711548867365e+00      +6.927425198687401e-02      -4.412583399394078e+00
      +1.552558412032494e+01      -6.090741900623740e+00      +7.937784129765936e-01
      +1.534225034311582e+01      +1.189017843052793e+00      +4.252335184487191e+00
      +1.023589409496897e+01      +2.059780374984655e+00      -4.353489800938915e+00
      +1.356586077166523e+01      -3.939059790888728e+00      -3.377175353744427e+00
      +1.270525231729382e+01      +6.767362955435158e+00      +3.617764749186493e-01
      +1.418468805970939e+01      +6.339753961298561e+00      -1.572943075005518e+00
      +1.256624620682541e+01      +5.587877823272700e+00      -3.041886170077202e+00
      +1.323549169528156e+01      +4.159068829484033e+00      -3.583211746874292e+00
      -1.032278257150207e+01      +1.338634089904062e-01      -4.105575075864717e+00
      +1.634305847026167e+01      +3.140098025360500e+00      +2.876236800797294e+00
      +1.318550446408640e+01      +6.147896194764598e+00      -2.217834003580661e+00
      -4.554977851928008e+00      +4.219334525357904e+00      -4.171179563265442e+00
      +1.574241983947767e+01      -6.233901152701405e+00      +1.259024962105509e-01
      -6.113252701061368e+00      -3.354033419156697e+00      -4.471417320486458e+00
      -2.473463288502885e+00      +2.728047061028211e+00      -4.216213666378838e+00
      -6.408182420024943e+00      +3.857775182810610e+00      -4.194267953214172e+00
      +9.134412834499033e+00      -1.436788692996582e+00      -4.581083426571037e+00
      +1.220065770930793e+01      -2.902083887464014e+00      -4.296865593744151e+00
      +1.444635155451141e+01      -3.696910090261618e+00      -3.159300596101134e+00
      -8.501909888640556e+00      +2.858317648144295e+00      -4.146679392391339e+00
      -9.239523635510334e+00      +1.378789492584845e+00      -4.261272819452311e+00
      +1.292828519739984e+01      +5.906560059245157e+00      -2.638368826024377e+00
      -2.378418592449154e+00      -8.401087954323483e-01      -4.343736103523306e+00
      +1.669952792494258e+01      +4.550372143113256e+00      +1.812025491112898e+00
      +1.606797970662137e+01      +4.275010657223854e+00      +2.399205716389669e+00
      +1.137200970292848e+01      +2.527472179577745e+00      -4.170232666804202e+00
      +1.051963247168327e+01      -2.579056799967231e+00      -4.312577891866699e+00
      +1.329004096095835e+01      -2.873110700306497e+00      -4.288430337997755e+00
      +1.429596987970200e+01      -2.499275118307171e+00      -4.311236120695367e+00
      +1.407418420665045e+01      +6.182483729933081e+00      -2.065521882811312e+00
      +1.406626025922924e+01      +5.897368569744025e+00      -2.529470076609536e+00
      +9.133602176251022e+00      +4.709960403608974e-01      -4.605931038656220e+00
      -3.678928727701329e+00      -2.039680112089243e+00      -4.474164238656845e+00
      -7.563324495295996e+00      +2.243960628286495e+00      -4.380460413938599e+00
      +1.349011533559554e+01      +5.194113637493726e+00      -3.201946694515130e+00
      +1.269335784768557e+01      +3.111257968400257e+00      -3.861381480408770e+00
      +1.672426737074615e+01      -2.663950540760731e+00      +2.499950432280583e+00
      +1.563547358994028e+01      -2.460218366863709e+00      +3.619525605536331e+00
      +1.671806318102649e+01      +2.316058095179830e+00      +3.076540447299361e+00
      +1.033426639901438e+01      -1.810416200475172e+00      -4.605610791230916e+00
      +1.492686314507641e+01      +4.886706020797150e+00      -2.955460750658557e+00
      -5.236494963069771e+00      -2.801841965088720e+00      -4.530925698007195e+00
      +1.568938590443709e+01      -6.272032949457100e+00      -3.873710415208365e-01
      +1.505238944383671e+01      -6.402482734966170e+00      -8.143587868159757e-01
      +1.616813469246212e+01      -3.348428558124556e+00      +2.563714957930150e+00
      +1.636304024895861e+01      -9.202104101234353e-01      +3.601951129909724e+00
      -7.606862857990642e+00      -2.928986307478393e+00      -4.481928468741678e+00
      +1.397863960531339e+01      -4.705697396203584e+00      -2.511184131983971e+00
      +1.259570645228998e+01      +2.307097459199943e+00      -4.036807266004808e+00
      -8.529596457856467e+00      -7.243966133807024e-02      -4.506377260820859e+00
      -3.853013462227012e+00      +7.895829099025601e-01      -4.541616071515061e+00
      +1.626576195799889e+01      -5.195420059426794e+00      +1.330123406179683e+00
      +1.685278611699173e+01      -4.094900842278926e+00      +1.704608215547150e+00
      +1.506132387879244e+01      +6.167917755831265e+00      -1.515104248632612e+00
      +1.474288927949165e+01      -2.716296939418104e+00      -3.935066418293180e+00
      +1.460503387914315e+01      -6.106902372598451e+00      -1.335247870358985e+00
      -7.661820369238990e+00      +7.541603373255005e-01      -4.561187426293537e+00
      +1.489927192234972e+01      +5.603578630851137e+00      -2.611374113918869e+00
      +1.450259923121751e+01      +6.107160414951643e+00      +2.202187077770899e-01
      -4.846876176711694e+00      +1.420870340123520e+00      -4.568008579488977e+00
      +1.272196329156344e+01      -1.965645517953109e+00      -4.793417190075295e+00
      +1.497927939282440e+01      -1.993065449155323e+00      -4.384327828731252e+00
      -6.681684859054508e+00      +1.672403532181865e+00      -4.531694704201811e+00
      -4.775458808719561e+00      +2.573378011455514e+00      -4.449728464761347e+00
      +1.143143206567348e+01      +1.563843414895360e+00      -4.452200311165222e+00
      -7.788057027953923e+00      -1.298947547530673e+00      -4.610596584552917e+00
      -6.645133640664482e+00      -1.800914591491108e+00      -4.675464861171408e+00
      +1.614872409490156e+01      +1.152727847387818e+00      +3.905298583852241e+00
      +1.138475850064130e+01      -1.198769892780914e+00      -4.888884372528970e+00
      +1.508867227996850e+01      -4.055964485035615e+00      -2.539273151070062e+00
      +1.502635785596530e+01      +5.959252523985632e+00      -2.180006511158060e+00
      +1.659310165417279e+01      -5.488960637402501e+00      +6.605237711503129e-01
      +1.566687525691719e+01      -5.770472392663546e+00      -1.198989551813187e+00
      +1.734458099025054e+01      -4.464741682208270e+00      +1.058987040013300e+00
      +1.593232294731235e+01      +1.228041067461551e-01      +4.050977100088349e+00
      +1.610644629646009e+01      +5.161765182126252e+00      +1.282474658743603e+00
      +1.726574251273222e+01      +3.526325548989659e+00      +2.189234969408545e+00
      -3.471142997696961e+00      -5.855910778149418e-01      -4.529175269903150e+00
      +8.798589242505054e+00      -5.685992848810125e-01      -4.629484680244879e+00
      +1.526957285132465e+01      -3.309851548516660e+00      -2.965562031206618e+00
      +1.562209288562141e+01      +4.098415409333160e+00      -2.872532313573028e+00
      +1.473875131979427e+01      +2.893014072824158e+00      -3.227158313376143e+00
      -5.288107543494720e+00      -1.332638327730444e+00      -4.693734289420830e+00
      +1.679417637187186e+01      -5.543437386367725e+00      -1.187266646175613e-01
      +1.554086958659386e+01      +5.525661562483242e+00      +1.624109183832760e-01
      +1.415990918685653e+01      +1.776260837336515e+00      -3.780654199434907e+00
      +1.668598750968110e+01      -1.438846997810080e+00      +3.127587929197873e+00
      +1.586062329949018e+01      +5.859390463011716e+00      -1.424890245530515e+00
      +1.704242177399486e+01      +1.509527385893833e+00      +3.142532920856624e+00
      -4.792117883407244e+00      +1.166409121919697e-01      -4.658555852030585e+00
      +1.405414409201089e+01      -1.581638127598998e+00      -4.847882636898183e+00
      +1.550711538590696e+01      -5.174354906469460e+00      -1.735111676614466e+00
      +1.478402409722246e+01      +2.244883604032759e+00      -3.352888753338703e+00
      +9.707123786858489e+00      +1.312842554602267e+00      -4.515117501560281e+00
      +1.301897499739614e+01      +1.530906191802905e+00      -4.240089258550381e+00
      +1.579325218230104e+01      -1.915450327775435e+00      -3.905629801974505e+00
      +1.596822307798188e+01      +5.215875457411332e+00      -2.407351573246611e+00
      +1.772762609297498e+01      +3.700276365580583e+00      +1.686493811631034e+00
      +1.727977741759845e+01      +4.421780893229892e+00      +1.201282077261353e+00
      +1.085806461597643e+01      -3.293068085945163e-01      -4.899073402792061e+00
      +1.603547943459566e+01      -2.538792101486126e+00      -3.030216298607094e+00
      +1.649318515520257e+01      -5.528917030597006e+00      -8.391373106773180e-01
      +1.675221058429333e+01      +3.521958474812911e-01      +3.512795723434303e+00
      +1.664050427165155e+01      +4.933485878536524e+00      -4.313512758159681e-01
      +1.604377977432687e+01      -3.237426589634666e+00      -2.532180542377911e+00
      +1.612894203382186e+01      +5.514405526766502e+00      -2.028148863123774e+00
      +1.607294733659912e+01      +2.957882408142048e+00      -2.844030686960183e+00
      +1.774082033844603e+01      -3.440343331460892e+00      +1.318372213467119e+00
      +1.675396649375003e+01      +4.749582393965690e+00      +6.134219598996016e-02
      +1.496308060579448e+01      +5.959024128678576e-01      -4.364588850771922e+00
      -5.887856093829408e+00      -5.932197596473446e-02      -4.714174556603650e+00
      -6.832342087362044e+00      +9.842453469954397e-02      -4.672935991183482e+00
      +1.246543642171938e+01      -8.093968002764449e-01      -5.028545931999965e+00
      +1.521129212289173e+01      -1.078100220027322e+00      -4.651225061117519e+00
      +1.577597901806909e+01      -1.178071547887889e+00      -4.339499690025026e+00
      +1.720465891919852e+01      -2.093945608101275e-01      +3.004697847164777e+00
      +1.580132103461549e+01      -3.126798526905754e-01      -4.377641785639732e+00
      +1.650373388230686e+01      +5.384516014295055e+00      -1.318831631631321e+00
      +1.495326913233010e+01      -6.108212057382795e-03      -4.639110719195149e+00
      +1.396253469217440e+01      +1.559310410330640e-01      -4.807404241106291e+00
      +1.337853803999670e+01      -5.350474154591138e-02      -4.937432850614985e+00
      +1.424956685578032e+01      -7.944275497608106e-01      -4.929133060044062e+00
      +1.640472608119371e+01      -1.195757793908581e+00      -3.795997607153343e+00
      +1.192257681965651e+01      +9.925670480294888e-02      -4.915452057364453e+00
      +1.740778666651345e+01      +7.546522397949038e-01      +2.873676046269047e+00
      +1.682829523308293e+01      -2.667915469049457e+00      -2.375970905003819e+00
      +1.672209512147269e+01      -5.018194581736020e+00      -1.219337077032651e+00
      +1.818866138731119e+01      +2.933213034180761e+00      +1.763774221536369e+00
      +1.822931488470508e+01      +3.474766985229107e+00      +1.138785508445030e+00
      +1.647747082608486e+01      -4.321953648467736e+00      -1.809403628145082e+00
      +1.613625856083334e+01      +4.608007954334379e+00      -2.595954375174022e+00
      +1.590691405101479e+01      +1.486662027986332e+00      -3.406830452189825e+00
      +1.608614645150523e+01      +3.764963338500845e-01      -3.984811918894782e+00
      +1.756942426335961e+01      -4.611631931331904e+00      -6.330053988524887e-01
      +1.708187876479621e+01      +4.372903848952381e+00      -2.068133609308612e+00
      +1.771910332837295e+01      -4.404261001774623e+00      +5.289904173225437e-01
      +1.792799442744625e+01      +3.868367262191783e+00      +7.101194032334881e-01
      +1.641306772380227e+01      +2.015867932519479e+00      -2.970653133008743e+00
      +1.681403288128898e+01      -1.808813172971672e+00      -2.833567340522259e+00
      +1.707212157721852e+01      +4.767199355286238e+00      -1.639890459773794e+00
      +1.746480150688526e+01      -6.839110853432864e-01      -2.718155826825291e+00
      +1.738531195632670e+01      +8.848685889685803e-01      -2.802747994447071e+00
      +1.730908072553533e+01      -1.955104180027348e+00      +2.231724246697837e+00
      +1.646486573805682e+01      -3.242291495745172e-01      -3.939587195012681e+00
      +1.698639333642707e+01      +3.074039864127208e+00      -2.502818275634943e+00
      +1.876587473793774e+01      +2.644499870759067e+00      +9.721982699975991e-01
      +1.730373045806470e+01      -3.757594771682054e+00      -1.657250993321474e+00
      +1.732757979515228e+01      +1.064867770205736e-01      -2.976497770445973e+00
      +1.739414279972384e+01      +3.548540358143712e+00      -2.135529213070739e+00
      +1.786553320718425e+01      -9.284000205237916e-01      +1.882078834511648e+00
      +1.686320085663317e+01      +1.462017178934454e+00      -2.939979604924454e+00
      +1.811945508454657e+01      -3.610124034421432e+00      +7.053900708164544e-01
      +1.791233017891599e+01      -4.334038723257468e+00      -1.688823060232502e-01
      +1.818055104234502e+01      -3.441119707289181e+00      -1.193418960011097e+00
      +1.788087421065569e+01      +1.602599943320096e+00      -2.306183556881199e+00
      +1.777085919781351e+01      +3.855795274444699e+00      -3.799753158094749e-01
      +1.809901163920157e+01      +3.443700991648871e+00      -8.973305916374592e-01
      +1.856329210789663e+01      +3.150785905843462e+00      +4.675373401276994e-01
      +1.879086198458517e+01      +2.691052642819155e+00      -3.884547057080001e-01
      +1.822761784854175e+01      -2.492651361958789e+00      -1.643116030103474e+00
      +1.809414316647059e+01      -2.415880688265759e+00      +1.283593882291454e+00
      +1.766115923606248e+01      -1.246533763672905e+00      -2.369244507475274e+00
      +1.833627958988939e+01      +1.860980479628920e+00      +1.838447034894475e+00
      +1.836461798616170e+01      +2.092466204627120e+00      -1.783097703023279e+00
      +1.884185067478246e+01      -2.928310435212636e+00      -1.150146976421930e-01
      +1.874201683626412e+01      -3.086441330238638e+00      -6.792836949634781e-01
      +1.822066311630481e+01      +7.150885200397612e-01      +1.851089218439382e+00
      +1.887570032831001e+01      +1.872570942096493e+00      +1.127113257468896e+00
      +1.912699381718343e+01      +2.256002571483833e+00      +1.299969734196406e-01
      +1.869192440672669e+01      -1.537715567578636e+00      -1.638665342179136e+00
      +1.947068625812288e+01      -1.769558052078476e+00      -4.820543764275049e-01
      +1.916361978463130e+01      +1.968060897695429e+00      -7.000797842506605e-01
      +1.931842139741297e+01      -1.668461268799109e+00      +1.158268616654425e-01
      +1.952031521697644e+01      +1.120063311103573e+00      +1.813155422189667e-01
      +1.924214534564703e+01      -1.845789904614121e+00      -1.072667458805205e+00
      +1.868398302381948e+01      +6.044297501852328e-02      +1.196938772280822e+00
      +1.788711110478123e+01      +1.000297546905300e-01      -2.457154021381305e+00
      +1.910730925184945e+01      +7.275297341823438e-01      +8.404849964679871e-01
      +1.792438195838249e+01      +3.405508862786090e+00      -1.578024745174095e+00
      +1.931681941901916e+01      -9.380018633887710e-01      +3.933607059471830e-01
      +1.969575729672049e+01      -7.135296319788516e-01      -1.904347275447775e-01
      +1.956613690583947e+01      +1.211837972097531e+00      -4.784252786085638e-01
      +1.961628141917515e+01      -1.163284336475352e+00      -8.155113017536209e-01
      +1.899906680834009e+01      -3.971770246395664e-01      -1.631658535804247e+00
      +1.883411097864344e+01      +8.111157586653831e-01      -1.695416335486073e+00
      +1.977867521944748e+01      +1.368856193367719e-02      -3.568029578871099e-01
      +1.938927883444754e+01      +9.537630279274688e-01      -1.114543202908097e+00
      +1.949188770129385e+01      -3.504618144170595e-01      -1.190604957140469e+00
      +1.971615906699067e+01      +1.120284100987339e-01      -7.737707678267628e-01
      +1.960571727571664e+01      +7.427979205816009e-02      +1.575533573462143e-01
      -1.277850393113106e+01      +7.625492283392732e+00      -3.810367217143431e-01
      +9.026078283106068e+00      +1.204123488748133e+00      -4.468122744155889e+00
      +1.488564003761588e+01      +1.853437058265392e+00      -3.519756995170582e+00
      +3.508028679521523e+00      +3.777314421475925e-01      -2.185270304111960e+00
      +1.525436814858135e+01      +5.664026673546830e+00      +7.181284047347630e-01
      +2.847166980226250e+00      +5.414001710180074e+00      +6.563669229233967e-01
      +1.523208458971398e+01      +2.716478030606160e+00      +3.665065242267241e+00
      +1.636651199383329e+01      -2.638844675963799e+00      -2.658460111283105e+00
      +3.839223915012377e+00      -5.687450771079518e-02      +2.118597858031579e+00
      +1.836697263543519e+01      -8.764587989475875e-01      -1.969138689781450e+00
      +1.213658652400761e+00      +1.229972223991327e+00      +3.624584881278335e+00
      +6.254059331936396e+00      -1.339285015802660e-03      +3.618990036302176e+00
      +1.447403217615194e+01      +3.711450847050921e+00      -3.260160030430564e+00
      +3.812577733043266e+00      -1.584004141530856e+00      -1.871392330269395e+00
      -1.216046494456474e+01      -3.919990147447946e+00      +3.130432795209440e+00
      +5.068222535309846e+00      -4.160536520368550e+00      -1.213134197156934e+00
      +5.658152519825880e+00      +4.693479449585761e+00      +5.783056665345537e-01
      -4.791451766464436e+00      +5.282148382105483e+00      +4.059500461215480e+00
      +4.816055603530232e+00      +2.162274400665174e+00      -2.216080597186188e+00
      +6.729840534382581e+00      -5.413840015589394e+00      +9.385102123615998e-01
      +1.616137419685495e+00      +6.899991238840935e-01      -3.146492236693505e+00
      +3.164756792094328e+00      +2.733502875438593e+00      -2.270162845970684e+00
      +4.553558954715678e+00      -6.268565815540461e-01      +2.234370824220251e+00
      +1.803395034024849e+01      +3.605259813123592e+00      -2.857969126878961e-01
      +5.276600649437913e+00      +3.920416702675909e+00      -2.582405106564429e-01
      +1.196422143800659e+00      +5.237188857471863e+00      -2.618588812092438e+00
      +1.564975834551823e+01      +5.807724255751729e+00      -1.797876822995891e+00
      +3.321208163513011e+00      +4.352107667555788e+00      -8.833159278833440e-01
      +2.976375447667646e+00      +1.974795340476299e+00      +2.518919540894337e+00
      +4.070122850481976e+00      +2.842785956794406e+00      -2.572635979459179e-01
      +8.260100515215528e+00      +4.811291031941809e+00      +3.360034106818519e+00
      +5.311101803706428e+00      +2.186415552658540e+00      -2.776716506995173e+00
      +2.475915532097400e+00      -1.256970507824412e+00      +3.212543884868845e+00
      +5.876988148528751e+00      +4.742979534495886e+00      -1.657438465441488e-01
      +1.490804109701963e+01      +1.652243947134837e+00      -3.620569084717415e+00
      +2.695671447570901e+00      -1.141943157800565e+00      +3.100159645194726e+00
      +5.824055790012531e+00      +1.958143882179034e+00      -3.296636188568464e+00
      +1.440333542511333e+01      +4.129389083784266e+00      -3.235452547113276e+00
      +3.905722842377161e+00      -2.976781895914908e+00      +2.126099760243224e+00
      +1.849033567756203e+00      +6.339803078301060e+00      -1.123870258689998e+00
      -7.976739548630696e+00      +5.175654916304375e+00      +3.979546231303346e+00
      +4.925319697097301e+00      -2.418472956544275e+00      +1.730138687997439e+00
      +3.620383631039477e+00      -7.809384478715264e-03      +2.324922422202693e+00
      +2.512943978799111e+00      +1.872201298729391e+00      +2.863489351216927e+00
      +4.364228418050267e+00      -4.345234172158922e+00      -4.916863270131898e-01
      +5.117488989695268e+00      -4.154381057506405e+00      -1.344013949752380e+00
      +3.514859717705839e+00      +4.138848594009589e+00      -4.016629627973643e-01
      +1.261726811149091e+01      +9.042284214937102e-01      -4.618615382340123e+00
      +2.597791725588531e+00      +3.130167851280035e+00      -2.550460967980848e+00
      +6.610090379641966e+00      -8.223370951927333e-02      +3.784956924874264e+00
      +3.526847500170914e+00      +8.358522748268691e-01      +2.261042086197862e+00
      +1.841206345312919e+01      -1.081156493076044e+00      +1.236887276978553e+00
      +5.994180481289670e+00      +4.681474688978603e+00      -7.716166798225236e-01
      +4.555187357838362e+00      +3.369426183598969e+00      +1.358402333439989e+00
      +1.687572650520280e+00      -1.547710542852917e+00      -2.856299307287914e+00
      +2.946522030305307e+00      +5.332125111666370e+00      +3.570072677701198e-01
      +5.370823891475077e+00      +2.081987008726138e+00      -2.881325344866038e+00
      +3.174996564596109e+00      -9.362368853211714e-01      +2.794189579048915e+00
      +2.943047800232088e+00      +3.472853300589086e+00      -2.209448056218713e+00
      +6.096995819994120e+00      -4.792843784418389e+00      +9.794690325386732e-01
      +2.744353039949736e+00      +3.969187525830057e-01      -2.619434017733323e+00
      +1.294658841828498e+00      -1.099347786650268e+00      -3.122759829906481e+00
      +1.214248829992067e+00      -3.156886045865656e+00      -2.747219260731653e+00
      +5.144441651301455e+00      -3.986363535567050e+00      -1.606723523863372e+00
      +2.156450284813419e+00      +6.031997949510041e+00      +1.031625837577854e+00
      +4.568432908984287e+00      -3.888539419686549e+00      -9.233875443986100e-01
      +1.048133266075768e-01      +6.135966580044815e+00      -2.653325852766477e+00
      +4.065587512693416e+00      -3.398205538841519e-01      -2.252178592414411e+00
      +2.695899316266106e+00      -3.010092265200474e-01      -2.564553140412377e+00
      +2.789879464018855e+00      +3.255891723578788e+00      -2.391112963694815e+00
      +3.758957456151613e+00      +3.646437213926720e+00      -5.608659739671566e-02
      +3.391633254061473e+00      -8.338074263499852e-02      +2.548578185477846e+00
      +3.891994104994372e+00      +3.386459488261300e+00      +1.511915533681670e-01
      +1.578246203598803e+01      +1.948807583864276e+00      -3.197353239214471e+00
      +1.160920190124222e+00      -7.047985670263603e+00      +1.625957534610040e+00
      +1.032522632729290e+00      -6.862516825131891e-01      -3.286945185644432e+00
      +3.930435955347686e+00      +3.314523493899424e+00      +3.151717096093037e-01
      +3.917142045505963e+00      -9.784400784076771e-01      -2.078422756581263e+00
      +4.252233142361769e+00      +8.731568601291664e-01      +2.245067847816332e+00
      +3.100894089131281e+00      +3.675430892483920e+00      -2.001365724722649e+00
      +5.162240158771607e+00      +3.387869275547268e+00      +2.572673335871505e+00
      +6.988348231829123e+00      -3.900036873157500e-01      +3.905349487502099e+00
      +3.160290182709150e+00      -1.974523075648758e+00      -1.884822030536485e+00
      +3.510598787717997e-01      -7.790727588119892e+00      +1.180074632083238e+00
      -5.815820162871645e+00      +5.089898839681190e+00      +4.122474864575074e+00
      +1.588154495460035e+00      -3.744483283323657e+00      -2.343480315627865e+00
      -1.921464665120785e+00      -4.920661078697323e+00      +3.714980186346670e+00
      +6.150736279640846e+00      -4.935182995760128e+00      +7.432028117956334e-01
      +4.405176094077524e+00      +2.102902134622250e+00      +2.293686624011238e+00
      +5.127078202405857e+00      +3.516467809257258e+00      +2.420978632542023e+00
      +7.999755994846294e-01      -3.626660954361176e-01      -3.410620602320870e+00
      -1.395282653864972e+01      +5.761790456988476e+00      -1.397469544302675e+00
      +5.960618246600951e+00      +4.865418292008465e+00      -3.251699483664786e-02
      +1.178125026085797e+00      -7.209323919410031e+00      +1.373346746285060e+00
      +7.691147774354518e+00      -4.570006265683545e+00      -2.678146860007691e+00
      +2.295811889504474e+00      +2.892270117799537e+00      -2.775237318141044e+00
      +4.328052266887497e-01      -1.669852957492941e-01      -3.552610257132808e+00
      +5.147647299664161e+00      -4.099712879665008e+00      -1.471730225578972e+00
      +1.576346668412172e+01      +2.107190728232758e+00      -3.123074254406574e+00
      +6.087865275121452e+00      +4.990647666255591e+00      +1.629897361704649e-02
      +1.562385763360271e+01      +2.709457667713679e+00      -3.021328225646642e+00
      +7.321802695371790e+00      -4.762882284654776e+00      -2.296052899278108e+00
      +1.694922538667974e+01      +4.847053701903599e+00      -9.887517986368880e-01
      +3.029470059206783e+00      +5.175819243305445e+00      -4.570934629763235e-02
      +4.376819980928380e+00      +2.995922907842297e+00      +3.786789638180037e-01
      +7.165310678370159e+00      -4.850683022569592e+00      -2.099757164827896e+00
      +1.671336609226983e+00      +2.133010545157003e+00      +3.288228398628164e+00
      +1.555162460283277e+01      +2.932535804287105e+00      -2.993733683423107e+00
      +3.273635865245055e+00      +3.727603597539140e+00      -1.741625387729286e+00
      +3.450632404153856e+00      +3.799851262537997e+00      -1.365012871227352e+00
      +5.616401172089656e+00      -4.653190039356493e+00      -1.542652390884373e-01
      +6.217226816521182e+00      -5.071829071983931e+00      +5.348747821737351e-01
      +2.790000987885156e+00      -1.479859468499740e+00      -2.244666467906887e+00
      +5.653475684273543e+00      -4.694334740045777e+00      -2.995249069150040e-01
      +3.331259890791332e+00      -5.009273305736149e-01      -2.165398673685643e+00
      +3.894359489274268e+00      +3.335827477055887e+00      +7.200174041076978e-01
      +3.145118649077593e+00      -2.931731144903479e+00      +2.670544520189611e+00
      +3.538894968069195e+00      +3.835786653692887e+00      -1.043896965742580e+00
      +1.522567764124395e+01      +3.557470112665620e+00      -3.031677040610657e+00
      +5.764103655891947e+00      -4.751662461579016e+00      -6.682447759158270e-01
      +2.840154995136257e+00      -2.992812695949842e+00      +2.845871818280755e+00
      +2.232178469057867e+00      +1.835445297940111e+00      +3.046687836420728e+00
      +5.105601988978072e+00      -4.267629191626720e+00      -1.298480980985783e-01
      +3.074795080812833e+00      +4.968128007259132e-01      -2.469572001384760e+00
      +5.817408907786876e+00      -4.739603392096614e+00      -7.951563748195338e-01
      +5.974083307970284e+00      -4.720028136198696e+00      -1.211372783932819e+00
      +3.640419595725056e+00      +3.723982500474201e+00      -7.913834336745454e-01
      +3.768391364971320e+00      +3.465828713767988e+00      -6.102100267777891e-01
      +5.135913176321368e+00      -4.317088189704692e+00      -2.773110977251516e-01
      +3.221279171387942e+00      +1.332967516403759e+00      +2.453581202202636e+00
      +1.564871853099016e+00      +1.467193316780318e+00      +3.443529614969483e+00
      +3.004388377464892e+00      +1.407284633447314e+00      +2.614787205599693e+00
      +2.751842747933079e+00      +1.351376309132515e+00      +2.802559520410411e+00
      +5.215232489269329e+00      -4.405115494661169e+00      -5.880878651686470e-01
      +5.265482717936064e+00      -4.431155302440752e+00      -7.555704417738721e-01
      +5.383733649412469e+00      -4.404403788315210e+00      -1.037107705965112e+00
      +1.846602036920254e+00      +1.673561146047409e+00      +3.279334145494970e+00
      +2.129675734061194e-01      -6.311862689780127e-04      +9.874753093293295e-04
      +0.000000000000000e+00      +0.000000000000000e+00      +0.000000000000000e+00
