     266     275     193     208
     281      26     266     286
     302     330     310     270
     360     308     356     309
      82     121     137     162
     165     128     198      63
     114     127     159     150
     352     268     260     175
     326     361     359     365
      16      33     301     272
     314     220     343     195
     333     355     381     364
     302     330     348     256
     314     343     224     195
     279     348     343     195
      17       9     331     311
     196     188     253     290
     324     273     301     398
     360     267     330     325
     285     263     318     297
       0     278       4      12
     203     230      71     409
      60     265     187     200
     312     304     338     259
     348     302     232     192
      32     231     150     412
     255      12     298     398
     105     166      97      69
     353     355     345     364
     131     248      83      95
      49     226     289     262
     304     313     312     323
     263     222     297     214
      44      50      56     290
     157     167     216     225
     176     179      83      71
     140      89      78     120
      33      14     301     272
     222     239     297     214
     132     124     156     149
     180     182      92      42
     228     249     237     252
      26     215     266     286
     387     394     388     391
      32     127      61     104
     365     326     360     309
     378     374     379     337
      43      65      87      58
     209      49      84     262
     313     304     257     285
      70      51     226     207
     357     374     378     337
      16     243     272     255
      41      24     264     247
     343     348     224     195
     230      77      76     409
      46     231     150     269
     295     310     276     288
     205     160     226     187
     124     122     142     156
     174     123     178     397
     330     302     348     329
      80      94     206     213
     348     361     329     363
     354     322     283     291
     326     267     360     309
     365     360     356     309
     304     312     338     323
     220     352     343     195
      41      57     121      94
     360     350     330     329
     223     227     279     277
     165      55     400     402
     287     264     172     247
     302     348     277     192
     259     257     214     399
     307     278     332     281
     197     182      77     151
     314     361     326     363
      21      22     300     327
     313     304     312     259
      97     166     200     129
     246     282     216     225
     175     153     151     149
     268     352     260     315
     139     130     160     138
      33     165      72      55
     325     310     288     256
      53      79     165      67
     260     268     242     175
     276     249     284     288
     248     260     315     261
      58     209     205     226
     209      98      84     139
      53      79      67      72
     352     260     248     175
     165      72      55     402
     119     118      99     145
     346     307     311     332
     223     174     218     141
     383     374     372     379
      80      94     213     143
     349     346      17       5
     117     130     138     187
     326     361     360     329
     249     270     237     216
     140      89     114     150
     157     216     194     178
     361     359     360     329
     319     374     342     357
     333     360     355     401
     140      89      46      78
     215      40     134     172
     340     368     372     379
     134      57      75      82
     304     257     285     263
     359     350     329     362
      91      82     172     162
      43      37     289     207
       9      15     307     311
     348     314     343     224
     266     271     286     233
     259     251     274     399
      52      49     299     262
     304     259     257     214
     334     338     342     318
     308     267     306     309
     345     354     291     401
     291     295     276     288
       3       7     328     339
     312     351     338     323
      26      19     307     286
     351     334     338     323
     380     369     376     366
     380     376     370     366
     164     152     148     185
      68     123     178     115
     260     242     248     175
      18      25     320     265
     151     153     156     149
      83     131      95     115
     365     250     319     285
     304     263     297     214
     304     313     323     285
      26      38     281     266
     236      94     170     206
     312     313     259     274
      73     215     186     208
     191     254     274     240
     280     199     171     219
     107     186     154     208
      40     215     134     103
      38      73     186     208
     251     191     254     274
     313     259     274     293
     164     153     173     149
     348     363     344     343
     313     314     259     293
      15      40      26     271
     313     274     240     293
     179     204      83      71
     275     201     193     415
     360     375     356     335
     293     242     175     202
     361     329     363     362
     350     359     367     362
      45      36      28     258
     117     105     187     200
     361     359     329     362
     213     136     171     219
     268     260     242     240
      77     230      36      45
      14      12     301     398
     277     270     232     194
     223     174     178     397
      94     116      81     143
      15     307     287     271
     242     268     240     293
      39      55      62     400
      55      39     133     400
     274     191     240     293
     278      28     258     281
     153     152     142     148
     220     224     229     235
     314     220     229     212
     380     369     366     342
     107     193     154     177
     180     147      42     106
     220     352     195     149
     242     268     293     175
     268     352     293     175
      41     121     162     247
      73      38      26     208
     254     242     240     202
     191     254     240     202
     240     242     293     202
     191     240     293     202
      93     181     110     400
     334     351     369     366
     306     365     321     340
     356     365     306     340
     387     380     385     383
     369     351     376     366
     215      73      40      26
     326     361     348     363
     351     334     323     366
     374     372     379     337
     383     388     378     379
     365     380     370     366
     380     385     374     370
      38     107     193     208
     380     385     383     374
     340     374     319     337
     385     380     376     370
     380     374     365     370
     289      18     320     265
     190     198     135      68
     359     350     360     329
     323     326     365     285
     377     375     381     356
     285     304     263     297
     374     383     378     379
     176      71     151     409
     184     214     211     399
     267     326     330     348
     344     315     168     195
     374     380     365     366
     249     310     270     232
     326     330     348     329
     348     267     232     256
     314     326     348     363
     373     386     381     364
     101      78     120     169
      79      53     165      72
     326     360     330     329
     361     326     348     329
       8      39      47     273
     267     326     360     330
      47      39     241     273
     387     382     385     391
     326     361     365     360
     221     164     148     185
     361     359     365     360
     348     279     277     192
     302     348     279     277
      14      33      39     272
     270     277     216     194
     184     222     221     211
     245     227     347     261
      78      89     101     120
     227     245     347     279
      99     119     145     188
     373     390     386     364
     249     310     232     256
     121      82      91     162
     314     352     363     343
      89      32      61     104
     333     355     345     401
       6      10       2     327
      39      47     241     407
     260     352     248     315
     347     227     315     261
     277     157     216     194
     168     223     194     178
      76      77     151     409
     135      68     108     404
     348     344     279     343
     326     314     348     224
     232     267     224     256
      70      51     187     200
       2       3       7     328
      93      79     400     402
     248     352     175     315
     131     248     175     315
     352     131     175     315
     352     314     220     343
     267     325     288     256
     348     314     363     343
     347     227     279     315
     344     347     279     315
     268     352     315     343
     344     279     343     195
     336     319     357     337
     237     228     252     225
     176     248     175      95
     103     186     154     396
     267     348     232     224
     382     371     367     377
     279     344     168     195
     196     119     158     155
      66     101     146     169
     373     390     384     386
     310     228     282     295
     100     119      56     155
     118      99     145     188
     310     249     288     256
      61     104     111      90
      71     230      76     409
     355     375     373     384
     128      74      67     112
     273       8     301     398
     298      12     339     398
     316     354     322     283
     390     389     373     384
     248     131     175      95
      45     275     193     415
     165      55     133     400
      74     128     108     112
     169     234     290     305
      44      56      52     253
      78     140     120     210
     167     246     216     225
      39      33      55     272
     354     353     355     401
      99      56     188     253
      46     140      78     210
       3      14       7     398
      12       3     339     398
       8     273     324     398
     209     163     183     217
     270     249     232     194
     196      56     234     290
      67     112      93     110
     360     355     375     381
     355     373     381     364
     223     174     157     178
     243     198      59      31
     181     128      67     112
      79      67     112      93
     140     120     210     169
     230     197      77     409
     175     176      95     151
     203     243      36     411
     403      23     406     411
     389     394     391     392
     350     360     330     325
     390     389     384     392
     386     333     381     364
     350     359     360     375
     359     350     367     375
     371     359     367     375
     394     389     390     392
     359     371     365     375
     359     365     360     375
     394     391     392     393
     367     371     375     377
     388     383     372     379
     319     374     357     337
     360     333     355     381
     248     176     179      83
     302     348     232     256
     371     365     375     377
      79      72     400     402
     316     283     291     295
     348     192     224     195
      39     273     301     272
     147     180     201     177
     365     375     377     356
     330     302     232     256
     352     315     343     195
     389     391     377     392
     236     137     170     143
     319     336     292     337
     394     388     391     393
     375     355     373     381
     377     375     384     381
     389     384     392     381
     377     389     392     381
     389     377     384     381
     390     384     386     381
     384     390     392     381
     392     390     386     381
     375     373     384     381
     384     373     386     381
     291     322     288     401
     174     141     157     178
     248     179     261      83
     131     248     315      83
     315     248     261      83
     173     153     189     149
     181     128     165      67
      79     181     165      67
     174     123     108     141
     128     135      74     108
     245     227     261      68
      74     135      68     108
      79     181      67      93
     267     326     348     224
      38      86     107     396
     179     203      71     409
     301     255     298     398
       3     324     339     398
     198      63      59      31
     301      12     255     398
     348     279     192     195
     227     261      68      83
     227     315     261      83
     352     131     315     195
     232     277     194     192
     360     267     288     335
      55      72      62     402
      52      49      84      58
     181      67      93     110
     277     168     194     192
      53      33     165      72
     353     354     283     291
     354     353     345     291
     310     249     276     288
      67     181     112     110
     355     333     345     364
      53      33      63      16
      72      79      62     402
     316     310     282     295
     282     277     238     157
     167     218     141     157
      62      90     400     402
     315     344     343     195
     310     228     237     225
     246     228     282     225
     246     218     167     157
     277     223     238     157
     246     282     238     157
     218     246     238     157
     218     223     141     157
     223     218     238     157
     223     174     141     157
     375     360     381     335
      55      62     400     402
      72     165     400     402
     249     228     310     295
     228     246     282     295
     104      89     114     120
     310     330     232     256
      33      53     165      16
     322     316     283     291
     228     249     310     237
     131     352     175     149
     228     310     282     225
     310     237     216     225
     228     246     167     225
     282     310     216     225
     310     249     270     237
     168      68     178     115
     302     277     232     192
     277     223     157     194
     310     249     295     276
     267     330     325     256
     228     249     252     276
     249     228     295     276
     295     228     252     276
     283     295     252     276
     291     283     252     276
     283     291     295     276
     330     310     325     256
     330     267     348     256
     279     168     192     195
     167     246     157     216
     277     279     168     192
     246     282     157     216
     302     277     270     232
     330     302     310     232
     223     277     168     194
     282     310     270     216
     270     310     237     216
     282     277     157     216
     277     282     270     216
     237     249     216     194
     310     302     270     232
     174     123     141     178
     315     131     168     195
     279     344     315     168
     279     223     277     168
     326     314     224     229
     249     270     216     194
     131      83     168     115
     345     291     276     288
     315     131      83     168
     165     198     243      63
      68     227      83     168
      89     140     114     120
     223     157     194     178
     227     315      83     168
     227     279     315     168
     198      68      83      63
     365     306     321     250
      68     227     168     178
       3      12      14     398
     248     176      83      95
      83     204      59      71
      14       8     324     398
       8      14     301     398
     267     360     308     335
     267     284     288     335
     135      74      68      63
     198     135      68      63
     165      53      67      63
     128     165      67      63
     198     128     135      63
     135     128      74      63
      74     128      67      63
     374     340     372     337
     232     348     192     224
      68      83      63      59
     365     356     306     309
     243      31      23      16
      83      68     168     115
      83     198      63      59
      57      75      82      91
       8      30     324     412
     342     319     336     292
     204     198      83      59
     198     204     243      59
     198     243      63      31
     300      21     327     299
     229     220     235     212
     222     184     214     211
     182      92      42      77
     102     116     136     125
     261     245      68     410
     231     244     317     412
     365     360     375     356
     285     319     342     292
     371     365     377     356
     382     371     377     356
     249     284     288     256
     284     267     288     256
     360     267     325     288
     360     333     381     335
     308     360     356     335
     291     316     295     288
     316     310     295     288
     310     316     322     288
     310     322     325     288
     322     316     291     288
     267     308     284     335
     375     381     356     335
     124     151     156     149
     334     338     318     297
     326     313     257     285
     313     326     323     285
     372     340     379     337
     342     285     292     318
     368     365     356     340
     387     388     383     372
     336     342     292     318
     267     326     224     309
     393     388     372     379
     356     308     306     309
     103     134      75      82
     224     326     229     235
     369     334     366     342
     368     356     306     340
     368     306     321     340
     374     380     366     342
     185     211     173     212
     360     267     308     309
     224     326     235     309
     224     314     195     229
     220     224     195     229
     314     220     195     229
     374     365     319     342
     365     306     250     309
     306     321     250     309
     173     153     212     189
     374     365     340     319
     263     239     292     318
      16     243     255     403
     321     340     250     319
     365     321     340     250
     340     365     250     319
     176      83      95      71
     326     314     229     257
      73      38     186     396
     186      38     154     396
      86      38      73     396
      38     107     154     396
     153     212     189     149
     338     285     342     318
     369     380     374     342
     153     164     152     148
     313     314     326     257
     314     313     259     257
     313     304     259     257
     153     142     156     148
     263     222     239     297
     147      42     106      86
     222     263     239     292
     365     374     366     342
     319     365     285     342
     319     285     263     292
     323     365     366     342
     334     323     366     342
     334     338     323     342
     323     338     285     342
     365     323     285     342
     319     342     336     357
     174     108     397     404
      42      92     106      86
     156     164     173     149
     164     153     156     148
     179     203     204      71
     121      94     236     247
     181     165     133     400
     263     239     318     297
      94     116      80      81
     215      73      26     208
     285     263     292     318
     338     285     318     297
     338     304     323     297
     323     304     285     297
     338     323     285     297
     257     222     214     211
     385     383     374     372
     388     387     391     372
     388     391     393     372
     385     374     370     372
     387     382     391     372
     382     387     385     372
     385     387     383     372
     382     385     370     372
     368     365     340     372
     365     374     340     372
     374     365     370     372
     377     382     356     372
     365     368     356     372
     391     382     377     372
     371     365     356     372
     382     371     356     372
     391     377     392     372
     391     392     393     372
     371     382     370     372
     365     371     370     372
     392     377     381     372
     381     377     356     372
      92     180      42     106
     124     132      76     151
      19     278     307     281
     132      71      76     151
     107      86     193     177
     124     132      71      76
      76     124     151     122
     304     251     259     214
     314     352     220     212
      15      40      24      26
      95     176      71     151
     182      92      77     151
      77      92      76     151
     261      68      83     414
     132      95      71     151
     190     198      68     410
     275      45     258     415
     110     181     133     400
     132     131     151     149
     131     175      95     151
     132     131      95     151
     307     287     271     286
     222     239     184     221
     147     180     182     106
     182     180      92     106
      15       9      24     311
     239     222     184     214
     106     147      86     107
     152     221     148     185
     122     153     152     142
     107     103     154     396
       9     346     331     311
      62      90     133     400
     184     152     221     148
     181      79     165     400
     147     180      42      86
     180     147     201      86
     257     222     263     214
     304     257     263     214
     134      40     103      75
     220     235     212     189
     222     257     263     211
     314     229     257     212
      57      40     134      75
     124     151     122     156
     124     132     151     149
     222     221     211     185
     151     153     122     156
     122     153     142     156
     153     175     212     149
     165      79      72     400
      79     181      93     400
     153     164     156     149
     111      61      90     407
      12     255     294     403
     352     131     195     149
     175     352     212     149
      60      37     207     265
      94     121     236     137
      15      26     307     271
     131     175     151     149
     352     314     293     212
     293     314     257     212
      90     111     133     400
     164     185     173     212
     164     152     185     212
     153     164     173     212
     164     153     152     212
     352     220     212     149
     212     220     189     149
      77     230      76      36
      71      77      76      36
     230      71      76      36
     230     203      71      36
      30      27     317     412
     204      59      71      36
     203     204      71      36
     204     243      59      36
     204     203     243      36
     144     217     145     161
       0     298     339     332
      26      38     266     208
      42     182      77      45
      28     275     258     281
     102      48      54     136
      86      42      38      45
     331      24     311     296
      30     317     324     412
     264      57     172     247
     226      43     289     207
     134      57      82     172
     326     229     235     395
     311      24     264     296
      42      86      38      73
      25     320     280     303
      41      40      24      57
      57      91     172     162
     307      19     281     286
      51      43     226     207
     227     223     279     397
      82      57      91     172
     102      88      96     125
      40      57     134     172
      90      61      62     407
      23      16     255     403
      34     280     136     219
      40      73     103      75
     215     134     103     186
     179     261      83     414
      40      15     287     271
      24      17     331     311
      49     209      58     226
      27      46      35      78
     126     196     146     155
     346       9      17       1
     160     130     226     187
     165      33      16     272
     121      57      91      94
      54      34      25     280
      69     105      60      51
      69     166     129     125
      97      96      69     129
     113     163     217     161
     105      85     117      70
     243      63      31      16
      98     139     163     113
     116      34      80      48
     105      60      51     200
     229     326     257     395
      41      57      94      80
      80     116      48      81
      25     320     265     280
     105     166      60     200
      25      13      18     320
     215      73     186     396
      97     105     138     200
      51      37      43     207
      34      41      80      48
      17     349       5      13
     307       9     311     332
     166     105      64      69
      60      37      51     207
     166      97      69     129
      25      13     320     303
     236      94     206     247
      88     102      48      54
     243      59      36     411
     105      97      96      69
       9      15      24      17
      20      25     280     303
      49      52      84     262
       4     278      28     294
     105      64      69      60
     105     166      64      60
     118      98      84     113
      10       2     327     341
     126     100     101      66
      60      25      18     265
      13     331     320     303
     226     289     262     207
      37     289     207     265
     265     207     187     200
      98     109      84     139
      29      10     299     341
      66     146     234     169
      13       5      18     320
      35      78     101     169
      78      35     101      66
      47      39      55     407
       0     278      12     332
     191     251     152     399
      57     121      91     162
      56     196     253     290
     346       0       9       1
     190     135     404     413
     349     346       5       1
      14      39       8     301
      53      33      72      55
     278      28     294     258
     253      44     290     299
     165      53      63      16
       5     349       1       2
     251     259     214     399
       8     244      47      32
     345     291     288     401
      90     111     159     133
      17       9       5       1
     346      17       5       1
     244     231     317     269
      22      30      27      35
     243     165      63      16
     231     210     150     269
      68     190     410     413
       6       7      30     328
     174     135     108     404
      22      21       6     327
       4      19      28     281
     349     346       1     358
     210     305     317     269
     101     126      66     146
      23      12     294     403
      37      29      43     289
      89     140     210     150
     120     140     146     169
     243     165      16     272
     243     255     403     406
      18      11     289     320
     196     100      56     155
     111     127     159     133
      61     104      90      62
     299      49     289     262
     288     360     335     401
     188     196     234     290
      30       7     324     328
      46      89      32      61
      12      23     255     403
     353     354     345     401
     325     360     288     401
     355     353     345     401
     305      22     328     300
      21      10       6     327
     165     181     133     241
     203      36     403     411
      89      32     104     114
      32     127     104     114
     278       4      28     281
      46      35      78      66
     119     196      56     155
       5      10      11     341
     127      61     104     111
      32     231     159     150
      89      46      32     150
      46      89     210     150
      32     127     114     150
     360     333     335     401
      28      23     294     411
      59      31      36     411
      22     328     300     327
     203     403     406     411
     230     294     403     411
     231      27      46     150
     354     322     291     401
      27     210     317     269
      65      85     130      87
      98     109     139     113
     226      70     207     187
      98     109      87      84
     209      49     109      84
     109     209      84     139
      49     209     109      58
       2     358     327     341
     109      87      84      58
      49     109      84      58
       2     349     358     341
     109      87      58     205
     209     109      58     205
     209      98     163     113
     159      90     133     241
      20      13      25     303
      21      10     327     341
      55     165     133     241
     244      47      32     159
      47     127      32     159
     109     209     139     183
     209     109     205     183
     205     109     139     183
      98     209     163     183
     209      98     139     183
     139      98     163     183
     139     205     183     160
     163     139     183     160
     109     205     139     160
     130     109     139     160
     109     130      87     160
     109      87     205     160
      65      43      87     160
     130      65      87     160
      87      43      58     160
      58      43     205     160
      87      58     205     160
      13      20     331     303
     138      97     200     129
      43      58     205     226
      43      49      58     226
      65      70      51     226
     130     160     138     187
      65      51      43     226
     207     226     187     200
      43     205     160     226
      65      43     160     226
     130      65     160     226
      85     130      70     226
      65      85      70     226
      85      65     130     226
     126     101     120     146
     101     120     146     169
      27      46     210     269
      12     255     298     294
     127      32     159     150
      22      30     305     328
      89      32     114     150
      12      14     301     255
      27     231      46     269
      89     140      46     210
      27      46      78     210
     278      12     298     294
      35      27      78     210
      49      29     299     289
     210     234     305     269
      68     261     410     414
      39      55     133     241
     146     196     234     169
      98     209      84     262
     163     183     217     161
     354     355     322     401
     322     325     288     401
     333     345     288     401
     333     288     335     401
      59     243      31     411
      36      28     258     411
     118     144     217     145
     118     113     217     161
     119     158     144     145
     113     118     144     161
     144     118     217     161
      11      29     289     341
     118     119     144     145
     163     209     113     217
      27     210     305     317
      34      20     280     303
      21     327     299     341
      44      56     253     290
      84     118     113     217
      38      45      28     258
      19      26     281     286
       9     346     311     332
       8      39     273     301
     244       8      47     273
     118      99     188     253
      56      99      52     253
      35     101      66     169
     119     196     158     188
     158     196     145     188
     119     158     145     188
     196     119      56     188
      56     119      99     188
      18       5      11     320
     190     404     408     413
      11       5     341     320
     214     257     211     399
     120      78     210     169
      56     196     188     253
      14      12      16     255
      38     275      28     281
      56      50      66     290
     127      61     111     407
     126      66     146     234
     196     126     146     234
     100      56      66     234
     100     196      56     234
     305      30     317     328
     408      68     410     413
      12      23      16     255
      26     307     271     286
      22      30      35     305
     126     100      66     234
      56      66     234     290
      22       6      30     328
     126     196     155     234
     100     126     155     234
     196     100     155     234
      43      49     226     289
      43      29      49     289
     244      47     241     273
     210     234     169     305
     217     118     145     253
     145     118     188     253
     217     145     188     253
     166     105      97     200
      22       6     328     327
      33      14      16     301
      30      27     305     317
     234      66     169     290
     135     190      68     413
      30      27      35     305
      35      27     210     305
      78     210     169     305
      35      78     169     305
      78      35     210     305
      66     169     290     305
      66      35     169     305
      37      18      11     289
     253      52     299     262
       6       2       7     328
      29      21      44     299
     317      30     324     328
      49      44      52     299
       6       2     328     327
     210      46     150     269
     301      16     272     255
      39      55     241     272
      14      16     301     255
      39     241     273     272
      14      39     301     272
     231      27     150     412
     349       1       2     358
     176     179      71     409
      30       7       8     324
       7      14       8     324
      55     165     241     272
      33     165      55     272
       2       1       3     358
       1     346     339     358
     328       2     358     327
      49     209     226     262
      12       0     298     339
     138     117     187     200
     349      13     331     320
       3       1     339     358
       7     324     328     339
       3       0      12     339
       1       0       3     339
       7       3     324     339
     278       4      12     294
      12       4      23     294
      29      44      49     299
       2       3     328     358
     328       3     339     358
      21      22      50     300
      50      66     290     300
     290      66     305     300
       5     349       2     341
      10      21     299     341
      10       5       2     341
      37      60      18     265
      29     299     289     341
      10      29      11     341
     289      11     341     320
      50      22      35     300
      35      22     305     300
      50      35      66     300
      66      35     305     300
     253     290     300     299
      52      44     253     299
      29      37      11     289
     105     117     138     200
      60     166     265     200
      44      50     290     299
     290      50     300     299
      29      10      21     299
     299     289     341     262
      44      21      50     299
      50      21     300     299
      64     166      69     199
       5     349     341     320
     209     226     262     207
      41      80     206     219
      51      60     207     265
      99      52     253     262
      52      99      84     262
      98      84     113     262
     113      84     217     262
     209      98     113     262
     209     113     217     262
      99     118      84     262
      84     118     217     262
     118      99     253     262
     217     118     253     262
     230      36      45     258
      77     230      45     258
     349       5      13     320
      40     215      26     233
     278       0       4     332
      24       9      17     311
      96      69     129     125
      38     275      45     258
       0      12     298     332
      37      18     289     265
     275      38      28     258
     215     266     286     233
       9     346      17     331
      70     105      51     200
      96      88      69     125
      19      38      28     281
     121      41      94     247
     346     349      17     331
      20      24      17     331
      17     349      13     331
      20      17      13     331
      51      60     187     200
      34      20      25     280
     105     117      97     138
     105      70     187     200
     103     215     186     396
      60      25     265     280
      12     278     298     332
     121     236     137     162
      20      24     331     303
     130      70     226     187
       0       9     307     332
     117     105      70     187
      70      51     207     187
      85     117      70     187
     117      85     130     187
     130      85      70     187
       0     346       9     332
     207      51     265     187
     346       1     339     332
      51      60     265     187
     346       0       1     332
     346     339     358     332
     278       4     307     332
       1       0     339     332
     298     278     339     332
       4       0     307     332
      15     307     311     287
     326     235     309     395
      40      26     271     233
       9      15      19     307
      40     215     233     172
      19      15      26     307
     244       8     273     412
       4       9      19     307
     278       4      19     307
       0       9       4     307
       4     278      19     281
      38      19      26     281
     365     326     309     395
      38     275     281     266
     280      34     303     219
     147     107     154     177
     264      41     247     296
      23     243     403     406
     215      26     266     208
      40      15      24     287
      24      15     311     287
      38     275     266     208
     326     365     285     395
     275     281     266     286
     311      24     287     264
      23     243      16     403
     303      34     296     219
     271      26     286     233
      26     215     286     233
     275      38     193     208
     134     103     186     154
      38     107     186     154
      86      38     107     193
      38      86      45     193
     275      38      45     193
     136     102     125     171
      94     236     170     143
      24     287     264     172
      57      24     264     172
     154     186     177     208
     215     134     186     172
      24      40     287     172
      40      24      57     172
     287      40     271     172
     271      40     233     172
     102      88     125     171
     206     170     213     143
     116      94      80     143
     116      80     213     143
     125      88     199     171
     193     154     177     208
     107      38     186     208
     147     201      86     177
     147      86     107     177
     365     250     285     395
     134      82     137     162
      82     134     172     162
      41     206     247     296
     257     326     285     395
     206     264     247     296
      57      41     121     162
     235     250     309     395
      40     215     103     396
      24     331     303     296
     193     107     154     208
     136     280     171     219
      34      54     136     171
      94     206     213     143
      94      41      80     206
      94     170     206     143
      54     280     199     171
     166      64      60     199
      64      69     125     199
      69     166     125     199
     236      94     137     143
      94     121     137     143
     271     287     172     247
      48     102      81     136
     116      48      81     136
     102     116      81     136
     116      34      48     136
      48      34      54     136
      73      40     103     396
     235     229     250     395
     250     365     309     395
      73     215      40     396
      88      64      69     125
      88      64     125     199
      60      64      25     199
      60      25     280     199
     166      60     265     199
     265      60     280     199
     166     265     280     199
      64      54      25     199
      25      54     280     199
      94      41     206     247
     121     236     162     247
      54      34     280     171
     280      34     136     171
      64      54     199     171
      88      64     199     171
      88     102      54     171
      54     102     136     171
      88      54      64     171
     172      57     162     247
      24      41      57     247
      57      41     162     247
      24      57     264     247
     271     233     236     247
     236     233     162     247
     233     172     162     247
     233     271     172     247
      34      41      24     296
      24      41     264     296
      20      24     303     296
      34      20     303     296
      20      34      24     296
     206      80     213     219
     213     116     136     219
      41     206     296     219
      34      41     296     219
     116      34     136     219
      80     116     213     219
      34     116      80     219
      41      34      80     219
     230     203     179     409
      68     227     178     397
     123      68     178     397
     279     223     168     397
     168     223     178     397
     227     279     168     397
     227     168     178     397
     204     179      83     414
     123     174     108     397
      68     123     108     397
       7      14     324     398
       3       7     324     398
     259     274     293     399
     251     191     274     399
     274     191     293     399
     293     191     202     399
     153     191     152     399
     191     153     202     399
     314     293     257     399
     259     314     257     399
     314     259     293     399
     211     257     212     399
     257     293     212     399
     175     293     202     399
     153     175     202     399
     185     211     212     399
     152     185     212     399
     221     211     185     399
     221     184     211     399
     152     184     221     399
     152     221     185     399
     153     152     212     399
     175     153     212     399
     352     175     212     399
     293     352     212     399
     352     293     175     399
       8     244      32     412
     230     203      36     403
     111      90     159     407
      90     133     241     407
      90      62     133     407
      27     231     269     412
      55      39      62     407
     317      27     269     412
     231     317     269     412
     317     244     273     412
     108     397     404     405
     197     176     182     409
      77     197     151     409
     197     182     151     409
      71      76     151     409
     182     176     151     409
     159      90     241     407
     127     111     159     407
      47     127     159     407
     127      47      32     407
      32      47      61     407
     127      32      61     407
     133      39     241     407
     244     159     241     407
      47     244     241     407
     244      47     159     407
     133      62     400     407
      39     133     400     407
      62      39     400     407
     243     203     406     411
     108     397     405     408
     108      68     397     408
      23     243     406     411
      28     294     258     411
     294      23     403     411
     190     404     405     408
      68     108     404     408
     404     108     405     408
     261     179     204     414
      31     243      23     411
     198     204      83     414
     245     227      68     410
      68     227     397     410
     397     227     408     410
      68     397     408     410
      36     230     403     411
     230      36     258     411
     294     230     258     411
     273       8     324     412
     317     273     324     412
      32     244     159     412
     231      32     159     412
     244     231     159     412
      46      32     150     412
      27      46     150     412
      46      27      32     412
     227     408     410     413
     245     227     410     413
     135      68     404     413
     404      68     408     413
     198      68     410     414
      68     198      83     414
     197     182     201     415
      45      77     258     415
      86      45     193     415
     182     197      77     415
     182      77      45     415
     182     180     201     415
     230     197     258     415
     197     230      77     415
      77     230     258     415
     193     201     177     415
      86     193     177     415
     201      86     177     415
      86      42      45     415
     180     182      42     415
      42     182      45     415
     180      42      86     415
     201     180      86     415
     416       4      28      23
     416      28      23     294
     416      23     294       4
