               -3.947937e+00                1.283289e+00                4.695217e+00
               -5.937452e+00               -5.885022e-02                4.798625e+00
               -7.153813e+00               -1.524277e+00                4.713210e+00
               -3.994551e+00               -1.438719e+00                4.644319e+00
               -2.010306e+00                2.293038e+00                4.430373e+00
               -8.934916e+00                4.886838e-01                4.672423e+00
               -7.938154e+00               -3.138342e+00                4.335448e+00
               -4.775441e+00               -3.440135e+00                4.379388e+00
               -3.177507e+00               -5.507667e+00                3.680845e+00
               -5.367741e+00                3.179362e+00                4.616071e+00
               -9.524710e+00               -1.986808e+00                4.373416e+00
               -1.102181e+01               -7.755550e-01                4.169466e+00
               -1.860036e+00               -6.994764e-01                4.441831e+00
               -9.708175e+00                2.034684e+00                4.440602e+00
               -2.465716e+00               -3.557097e+00                4.189752e+00
               -4.970252e+00                4.538257e+00                4.368010e+00
                1.822107e-01               -2.614222e+00                3.905548e+00
               -8.046890e+00                3.518280e+00                4.477975e+00
               -1.098820e+01                1.431598e+00                4.197883e+00
               -2.216333e+00                4.155332e+00                4.224069e+00
               -8.830947e+00                4.190834e+00                4.243073e+00
               -1.019126e+01               -3.756054e+00                3.818984e+00
               -8.669707e+00               -4.650544e+00                3.761460e+00
                5.612236e-01               -5.115356e-01                3.970019e+00
               -6.538160e+00                5.776021e+00                3.985690e+00
               -1.086443e+01                3.735930e+00                3.842396e+00
               -2.600363e+00                5.924964e+00                3.801085e+00
               -5.736583e+00               -6.810796e+00                3.126314e+00
               -9.244846e-02                2.928795e+00                3.946364e+00
               -1.194071e+01               -2.282935e+00                3.667227e+00
               -5.526174e+00               -4.893875e+00                3.950448e+00
                2.060655e+00               -1.316516e+00                3.484950e+00
               -3.717080e+00               -7.949826e+00                2.602013e+00
                2.372709e-01               -4.726948e+00                3.359028e+00
               -9.404124e+00                6.330344e+00                3.489840e+00
               -8.574559e+00               -6.754823e+00                2.845085e+00
                2.517369e+00                7.026842e-01                3.134764e+00
               -1.258334e+01                5.690249e-01                3.606800e+00
               -2.973720e-01                4.936975e+00                3.599987e+00
               -1.196373e+00               -6.083855e+00                3.179812e+00
               -3.449566e+00                7.971839e+00                2.860444e+00
               -8.353525e+00                7.688947e+00                2.990020e+00
                2.146869e+00                5.028558e+00                2.195679e+00
               -1.436688e+01               -2.692231e-01                2.663165e+00
               -1.180861e+01               -4.897201e+00                2.979455e+00
                1.370384e+00                4.018918e+00                3.101321e+00
               -5.986483e+00               -8.374045e+00                2.138624e+00
               -2.016992e+00               -7.518604e+00                2.658383e+00
               -1.169323e+01                8.009966e+00                2.236204e+00
               -1.345478e+01               -3.147970e+00                2.717735e+00
               -1.035030e+01               -5.963462e+00                2.937649e+00
               -1.414899e+01                1.554269e+00                2.779727e+00
               -1.376476e+01               -4.709746e+00                2.035071e+00
                1.967783e+00               -5.030049e+00                2.634947e+00
               -1.240108e+01                6.870590e+00                2.445641e+00
                2.035943e-01               -6.713982e+00                2.507407e+00
               -1.259897e+01               -7.076345e+00                1.496501e+00
               -4.444469e+00                9.044970e+00                2.211666e+00
               -1.513506e+01               -1.570456e+00                1.975818e+00
                3.384881e+00               -1.456561e+00                2.697973e+00
               -1.290807e+01                2.731447e+00                3.194186e+00
               -2.807475e+00               -8.856050e+00                1.850364e+00
               -7.810254e-01               -8.236119e+00                1.597108e+00
                2.862023e+00               -3.803727e+00                2.693249e+00
               -1.349191e+01                5.661781e+00                2.285791e+00
               -1.536057e+01                4.515111e-01                1.993450e+00
               -1.023957e+01               -7.788901e+00                1.817390e+00
                3.460350e+00               -5.447242e+00                1.524181e+00
                4.894004e+00               -2.911840e+00                1.291602e+00
               -1.436860e+01                5.687594e+00                1.837496e+00
               -1.536808e+01                1.516599e+00                1.937829e+00
                3.944181e+00                1.123459e+00                1.850238e+00
                1.818297e+00               -6.273677e+00                1.987987e+00
               -9.822906e-01                7.497119e+00                2.588932e+00
                4.635359e+00               -4.330425e+00                1.140181e+00
               -3.025404e+00                8.909596e+00                2.160572e+00
                4.015145e+00                2.419709e+00                1.342989e+00
                3.314440e+00                3.473264e+00                1.957719e+00
               -7.373802e+00               -8.903428e+00                1.399570e+00
                2.481780e+00               -6.575160e+00                1.048927e+00
               -9.318715e+00                8.795781e+00                2.208051e+00
               -1.112633e+01                8.926267e+00                1.499971e+00
               -3.527621e+00                9.623256e+00                1.275113e+00
                4.619514e+00               -1.772967e+00                1.538903e+00
               -1.503917e+01               -4.539521e+00                9.941503e-01
               -1.596867e+01                4.842499e-01                1.185626e+00
                1.907615e+00                5.985572e+00                1.576606e+00
               -1.585503e+01               -1.332504e+00                1.236174e+00
               -1.399641e+01                6.711198e+00                1.680676e+00
               -5.576478e+00               -9.456355e+00                1.111606e+00
               -9.034374e-01               -8.586269e+00                8.735124e-01
               -4.673411e+00                9.708348e+00                1.442680e+00
                3.470852e+00                4.523768e+00                9.661565e-01
                2.596070e+00               -6.683562e+00                5.756476e-01
               -8.038964e+00                9.767872e+00                1.241145e+00
                4.592085e+00               -5.383577e-01                2.452803e+00
               -1.514550e+01                6.324038e+00                8.410488e-01
               -1.587945e+01                5.158529e+00                4.196055e-01
               -1.561113e+01               -4.226515e+00                3.139285e-01
               -1.398296e+01               -6.482618e+00                9.612925e-01
               -1.185057e+01               -8.401355e+00                5.501064e-01
               -9.777891e+00               -8.979741e+00                6.661513e-01
               -1.370858e+01                7.608995e+00                1.156195e+00
               -1.414160e+00                8.751047e+00                1.525498e+00
               -3.329877e+00               -9.655006e+00                6.918887e-01
               -1.561340e+01                4.319342e+00                1.223698e+00
                2.828190e+00                5.658570e+00                4.189941e-01
                1.584096e+00                6.896750e+00                5.055430e-01
                5.085140e+00               -4.142660e+00                1.573384e-01
               -1.602574e+01               -2.306418e+00                2.774642e-01
                2.757147e+00               -6.632071e+00               -8.098879e-03
               -1.680442e+00               -9.064402e+00                2.239837e-01
                3.924100e+00               -5.789005e+00                3.706582e-01
               -1.581765e+01               -4.568422e+00               -5.409136e-01
               -4.126900e+00               -9.772383e+00               -4.170274e-01
                5.358880e+00               -2.268863e+00                2.663287e+00
               -1.099136e+01                8.915005e+00                4.204995e-01
               -1.625298e+01                3.558204e+00                1.725506e-01
               -1.499936e+01               -6.116170e+00                6.384688e-02
               -1.370995e+01               -7.641991e+00               -1.239409e-01
               -7.275784e+00               -9.797258e+00               -1.011526e-01
               -6.670200e+00                1.013224e+01                3.059899e-01
                4.835900e+00                3.865091e+00                1.530513e+00
                5.718595e+00               -3.970533e+00                1.681191e+00
                4.522433e+00                2.665747e+00                2.379327e+00
               -1.475467e+01                6.526452e+00               -3.211527e-01
               -1.094932e+01               -9.057062e+00               -3.095340e-01
               -2.363480e+00               -9.161394e+00               -5.402442e-01
                4.106793e+00               -4.808666e+00               -6.427378e-01
               -1.558079e+01                5.621165e+00               -3.591895e-01
               -1.623079e+01                2.861617e-01                2.154316e-01
                5.685102e+00               -1.057792e+00                3.238310e+00
                4.665287e+00                1.456743e+00                2.830858e+00
                5.159201e-01               -7.678555e+00               -8.545776e-01
               -2.811096e+00                9.354282e+00                6.414051e-01
                4.500871e+00               -3.963079e+00               -6.885015e-01
               -1.186356e+01                7.947773e+00               -5.527400e-01
               -6.853479e+00                1.011016e+01               -7.820128e-01
               -1.628549e+01                3.718993e+00               -3.252145e-01
               -1.601728e+01               -3.034543e+00               -7.358312e-01
               -6.571379e+00               -9.772908e+00               -8.784911e-01
                7.289340e+00               -6.037158e+00                9.253533e-01
                5.656386e+00                4.036554e+00                2.709905e+00
               -8.586516e+00                1.000686e+01               -3.778236e-01
               -1.514579e+01               -6.391005e+00               -8.699527e-01
               -1.452379e+01               -6.722288e+00               -2.033055e+00
               -1.007397e+01               -9.168304e+00               -1.099593e+00
                2.556617e+00                5.868828e+00               -5.991603e-01
                6.573886e+00                4.631624e+00                2.932828e+00
                6.659338e+00                1.802152e+00                4.054975e+00
               -4.787197e+00               -8.857904e+00               -2.035711e+00
                4.198858e+00                2.699656e+00                1.179223e-01
                6.497692e+00                5.379839e+00                1.359143e+00
                5.756138e+00                4.893224e+00                5.172718e-01
                7.030079e-01                7.533855e+00               -5.513726e-01
               -1.271431e+01               -8.378251e+00               -1.001995e+00
                6.056736e+00                3.100192e+00                3.550232e+00
                8.001983e+00               -5.795204e+00                1.882315e+00
               -1.373133e+01               -7.772435e+00               -1.293833e+00
               -2.420640e+00               -8.101908e+00               -2.344893e+00
               -1.598305e+01               -3.964418e-01               -9.454020e-01
               -1.546327e+01               -5.283104e+00               -1.762598e+00
               -5.856369e+00                9.664988e+00               -1.207864e+00
               -1.586698e+01               -3.614644e+00               -1.324113e+00
                7.283910e+00                3.980553e+00                3.775511e+00
                1.889993e+00               -5.297416e+00               -1.740402e+00
               -1.466399e+01                5.098590e+00               -1.370314e+00
                8.543968e+00               -6.709717e+00                8.940700e-01
                7.281363e+00               -2.739936e+00                3.549924e+00
               -9.373854e+00               -8.617892e+00               -2.132907e+00
               -8.444727e+00                9.644220e+00               -1.355274e+00
               -1.246433e+01                7.004067e+00               -1.319552e+00
               -3.878202e+00                8.769635e+00               -1.476921e+00
                7.729307e+00                3.268854e+00                4.217947e+00
                6.385823e+00               -5.099093e+00               -1.009111e+00
                5.246267e+00                2.999135e+00               -1.998897e+00
                4.145057e+00                2.008997e+00               -1.498670e+00
                1.686547e+00                6.294736e+00               -1.460539e+00
                6.437980e+00               -3.788702e+00                2.524780e+00
                3.812746e+00                5.998935e-01               -2.070698e+00
                2.670421e+00                5.155576e+00               -1.420057e+00
                2.550508e+00               -6.379726e+00               -7.901314e-01
                3.395278e+00                4.113474e+00               -1.283480e+00
               -1.556433e+01               -3.110351e+00               -1.871973e+00
                8.583220e+00                5.899588e+00                2.252279e+00
                8.431455e+00                4.649836e+00                3.573045e+00
               -7.262598e-02                7.607573e+00               -1.251957e+00
               -1.591854e+01                2.708272e+00               -1.054003e+00
               -1.328004e+01               -6.825355e+00               -2.737550e+00
                8.004116e+00                2.392391e+00                4.442849e+00
                4.253006e+00               -3.422645e+00               -1.630859e+00
                7.161365e+00                5.719308e+00               -1.540146e+00
                9.069614e+00               -2.823267e+00                4.173140e+00
                5.585101e-01                6.038722e+00               -2.524541e+00
                9.243437e+00               -4.036796e+00                3.772837e+00
                8.171791e+00               -1.419327e+00                4.240668e+00
               -1.248923e+01               -7.850069e+00               -2.287453e+00
                2.769472e+00                3.283946e+00               -2.498281e+00
                3.549063e+00               -2.369544e+00               -1.587852e+00
               -1.282767e+01                5.947905e+00               -1.815274e+00
               -1.538664e+01                4.078907e+00               -1.265048e+00
                2.067290e+00                4.932086e+00               -2.284878e+00
                6.455057e+00                4.910832e+00               -1.999132e+00
                2.959599e+00               -4.010661e-02               -2.476547e+00
                3.649695e+00               -7.923506e-01               -1.933769e+00
               -1.539345e+01               -6.023526e-01               -1.834883e+00
               -8.747659e+00                8.440594e+00               -2.257247e+00
               -1.332912e+01                6.575796e-01               -3.024180e+00
               -2.461042e-01                6.930709e+00               -2.207780e+00
               -1.467170e+01               -3.225644e+00               -2.615773e+00
               -6.196908e+00               -8.299851e+00               -2.711912e+00
                9.457925e+00                4.372892e+00                3.741901e+00
                9.263700e+00                3.042703e+00                4.279475e+00
               -9.818345e+00                8.983175e+00               -1.462058e+00
                1.067698e+01                6.778690e+00                9.136914e-01
               -1.936515e+00                7.636041e+00               -2.215267e+00
                9.174210e+00               -5.616633e+00                2.725538e+00
               -1.475915e+01               -5.015105e+00               -2.550595e+00
                8.176212e+00               -6.427270e+00               -7.449041e-01
               -1.015887e+01                7.211584e+00               -2.494249e+00
                8.817211e+00                6.376802e-01                4.721075e+00
                8.499682e+00                5.300766e+00                3.068540e+00
                1.160026e+01                5.900668e+00                2.864367e+00
                8.049971e+00               -5.287246e+00               -2.294207e+00
                1.048844e+01               -8.906254e-01                4.820138e+00
                1.024324e+01               -6.423800e+00                2.447635e+00
               -1.448256e+01               -8.986601e-02               -2.456371e+00
                6.899591e+00               -3.216827e+00               -3.511048e+00
                1.094455e+01               -6.972143e+00                1.695336e+00
                1.099285e+01                1.771262e+00                4.548963e+00
                2.485511e+00                1.570146e+00               -2.857613e+00
               -4.454657e+00               -8.128082e+00               -2.795665e+00
                1.055682e+01               -2.985907e+00                4.345505e+00
               -3.309896e+00                7.650634e+00               -2.577354e+00
               -1.081549e+01               -7.556199e+00               -2.947382e+00
                1.109748e+01                6.449324e-01                4.866325e+00
               -7.222689e+00                9.235586e+00               -1.910483e+00
                1.074310e+01               -5.718254e+00                3.236407e+00
                8.623836e+00               -6.058119e+00               -1.711590e+00
                1.154136e+01                6.521316e+00                2.185851e+00
                7.736793e+00                4.181824e+00               -3.592948e+00
               -3.057448e-01               -6.700076e+00               -2.523841e+00
                6.332255e+00                3.871490e+00               -2.969446e+00
                1.996233e+00               -1.528737e+00               -2.697800e+00
               -2.446171e+00               -7.157635e+00               -3.115786e+00
                6.419097e+00               -2.176376e+00               -3.837250e+00
                9.313654e+00               -6.823044e+00               -5.507623e-01
               -7.331216e+00                8.198883e+00               -2.525705e+00
                5.178765e+00                1.758640e+00               -2.916313e+00
                1.179290e+01               -5.065723e+00                3.632855e+00
                1.395316e+01                1.956414e+00                4.431684e+00
                8.175962e+00                6.208536e+00               -1.507471e+00
                1.194297e+01               -6.873230e+00                2.148636e+00
               -1.299042e+01               -5.316328e+00               -3.270921e+00
                7.557774e+00                5.412402e+00               -2.609240e+00
                2.519182e-01               -2.377908e+00               -3.465305e+00
                1.283775e+01               -3.001035e+00                4.417856e+00
                1.153633e+01                3.137053e+00                3.907026e+00
                5.927563e-01                2.764001e+00               -3.464872e+00
                9.857611e+00                6.402976e+00               -1.637402e+00
                6.505787e+00                2.444623e+00               -3.714530e+00
                6.036675e+00               -1.005251e+00               -3.774558e+00
               -1.378565e+01               -3.694531e+00               -3.038390e+00
                1.247137e+01                5.401105e+00                3.073822e+00
               -6.879326e+00                6.651133e+00               -3.273169e+00
               -1.193453e+01                1.921324e+00               -3.411678e+00
               -1.901268e+00                6.798851e+00               -2.949493e+00
                1.352672e+01               -2.111308e+00                4.534471e+00
                7.317955e+00                2.560722e+00               -4.015551e+00
               -5.261076e+00               -7.482554e+00               -3.302151e+00
                1.043343e+01               -5.430447e+00               -2.646145e+00
               -3.780076e+00                6.878666e+00               -3.207949e+00
                2.964483e-01               -4.522930e+00               -3.004219e+00
               -2.116005e+00               -5.790529e+00               -3.544999e+00
                8.710421e+00                5.602426e+00               -2.802773e+00
               -1.854197e-01                5.225959e+00               -3.252161e+00
                1.286036e+01               -6.261227e+00                2.579589e+00
                9.354637e+00               -4.940386e+00               -2.998275e+00
               -1.749721e+00                1.930643e+00               -4.157895e+00
                8.157617e+00               -2.750158e+00               -4.116992e+00
               -1.096466e+01                4.687096e+00               -3.024312e+00
               -1.764602e+00                4.281540e+00               -3.896946e+00
                9.747665e+00               -6.277621e+00               -1.664016e+00
                1.423921e+01               -6.865073e+00               -1.101569e-01
                1.464539e+01               -3.138581e+00                3.936675e+00
                1.339697e+01                3.890958e+00                3.502445e+00
               -2.802021e+00                5.795046e+00               -3.627603e+00
               -5.081266e+00                6.260090e+00               -3.538696e+00
                1.511976e+01               -4.486731e+00                2.477046e+00
               -1.193444e+01               -5.570131e-02               -3.613464e+00
               -1.091910e+01               -6.382805e+00               -3.472661e+00
                1.502037e+01               -6.434187e+00                5.522145e-01
                1.362361e+01                5.771271e+00                2.574049e+00
                8.874668e+00                3.291967e+00               -4.057218e+00
               -1.157618e-01               -1.861797e-01               -3.774937e+00
                1.253211e+01               -6.965932e+00               -1.670659e-01
               -8.203771e+00                6.506861e+00               -3.186370e+00
                1.202794e+01                6.932499e+00                3.497042e-01
               -1.757626e+00               -1.127133e+00               -4.234058e+00
               -1.116146e+01               -3.262362e+00               -3.812018e+00
               -9.466388e+00               -4.415897e+00               -4.049614e+00
               -1.122400e+00               -3.337883e+00               -3.811678e+00
                1.150678e+01               -4.098300e+00               -3.639506e+00
               -9.430198e+00                4.852936e+00               -3.445072e+00
                1.120760e+01                6.839799e+00               -4.055512e-01
               -7.957625e+00               -5.938124e+00               -3.890549e+00
                1.552150e+01               -1.254845e-01                4.268005e+00
               -4.143078e+00                4.255071e+00               -4.137570e+00
                1.524764e+01               -2.307409e+00                3.993150e+00
                1.366206e+01                1.283741e-01                4.746876e+00
                1.240187e+01               -5.779836e+00               -1.998815e+00
               -5.882957e+00                4.803217e+00               -3.979550e+00
                1.242594e+01                5.713056e+00               -2.940988e+00
                1.211989e+01                4.732748e+00               -3.619802e+00
                1.065568e+01                1.979246e+00               -4.354104e+00
                7.384597e+00               -3.294336e-01               -4.321713e+00
                1.367685e+01               -6.735688e+00               -8.822273e-01
               -5.356527e+00               -5.735659e+00               -3.965654e+00
                1.353790e+01                6.413329e+00                1.387775e+00
                1.487938e+01                3.658741e+00                3.260101e+00
               -1.066809e+01                1.808205e+00               -3.864367e+00
                1.553843e+01                1.735090e+00                4.119220e+00
                1.467932e+01               -5.943971e+00               -1.563788e+00
                1.327888e+01                4.545596e+00               -3.497519e+00
               -4.735954e+00               -3.337063e+00               -4.440805e+00
                1.407778e+01               -4.587285e+00               -2.605379e+00
                1.246403e+01                2.091542e+00               -4.087773e+00
               -8.354222e+00               -2.096517e+00               -4.502327e+00
               -6.660923e+00               -2.540312e+00               -4.657681e+00
                1.356532e+01               -1.985727e+00               -4.806031e+00
                1.283735e+01               -4.153251e+00               -3.481410e+00
               -8.009569e+00                3.482091e+00               -4.090212e+00
               -4.250364e+00                1.703625e+00               -4.489299e+00
                1.685841e+01               -4.708644e+00                1.284635e+00
                1.473215e+01                6.286820e+00               -1.279062e+00
                1.650282e+01               -3.119015e+00                2.438518e+00
                1.572934e+01                5.310362e+00                1.687713e+00
                1.720035e+01                3.959967e+00                2.045944e+00
                1.341282e+01                6.443875e+00               -1.532457e+00
               -3.994387e+00               -8.562121e-01               -4.621451e+00
                1.648524e+01                2.197331e+00                3.319389e+00
               -9.709081e+00               -5.618834e-01               -4.296645e+00
                1.547644e+01                5.595858e+00                2.014408e-01
                9.245207e+00                1.376815e-02               -4.699340e+00
                8.122527e+00               -1.554836e+00               -4.472017e+00
                1.642007e+01               -5.510478e+00                8.307731e-01
               -6.293359e+00                1.739369e+00               -4.530693e+00
                7.371135e+00               -1.723487e+00               -4.319141e+00
                1.082118e+01               -2.337167e+00               -4.465714e+00
               -8.711346e+00                1.171921e+00               -4.388756e+00
                1.551381e+01               -1.748501e+00               -4.332206e+00
                1.498738e+01                5.794712e+00               -2.505451e+00
                8.579670e+00                2.156077e+00               -4.285336e+00
                1.592548e+01               -6.173607e+00               -3.498843e-01
                1.528324e+01               -6.201136e+00               -1.050873e+00
                1.679399e+01               -4.911145e+00               -1.401423e+00
                1.690033e+01               -8.069170e-01                3.147136e+00
                1.722655e+01                4.459005e+00                1.285620e+00
               -6.625990e+00               -4.431681e-01               -4.757903e+00
                1.508422e+01                4.507584e-01               -4.468433e+00
                1.548933e+01               -3.300170e+00               -2.834737e+00
                1.352191e+01                4.529401e-02               -4.932742e+00
                1.440000e+01               -1.056896e+00               -4.985913e+00
                1.290524e+01               -7.191697e-01               -5.153889e+00
                1.739708e+01               -5.033637e+00               -1.750161e-02
                1.548448e+01                2.269998e+00               -3.072457e+00
                1.580652e+01                4.448149e+00               -2.735508e+00
                1.619708e+01               -4.862881e-01               -4.278789e+00
                1.709439e+01                4.524963e-01                3.288560e+00
                1.620473e+01                5.733300e+00               -1.503282e+00
                1.712635e+01                2.260055e+00               -2.630342e+00
                1.676055e+01                1.268654e+00               -3.134537e+00
                1.844687e+01                1.120408e+00                1.656401e+00
                1.826472e+01               -3.576365e+00               -1.052370e+00
                1.765845e+01                4.009009e+00               -3.068063e-01
                1.683554e+01               -2.065787e+00               -2.666194e+00
                1.653529e+01                4.848076e+00               -2.309095e+00
                1.757849e+01               -6.846087e-01               -2.590579e+00
                1.820136e+01                3.635133e+00                1.079406e+00
                1.850816e+01                2.687768e+00                1.589763e+00
                1.710986e+01                4.677635e+00               -1.704723e+00
                1.777423e+01               -3.175313e+00                1.385149e+00
                1.773360e+01                5.229571e-01               -2.588155e+00
                1.900045e+01                2.433202e+00               -3.220216e-01
                1.821228e+01               -2.558121e+00               -1.684394e+00
                1.808930e+01                2.456369e+00               -1.933564e+00
                1.837757e+01               -3.321722e+00                5.449963e-01
                1.902741e+01                1.775387e+00               -1.165762e+00
                1.956928e+01                1.451536e+00               -2.444606e-01
                1.915621e+01               -1.348529e+00               -1.398767e+00
                1.921865e+01               -2.444225e+00               -6.366626e-01
                1.917430e+01                1.033820e-01               -1.532441e+00
                1.963482e+01               -9.964380e-01                1.570597e-02
                1.969682e+01                1.605581e-02                3.390589e-02
                1.973030e+01               -1.533055e-01               -8.853100e-01
                1.202348e+01                2.679964e+00                4.100327e+00
               -5.329655e-01                8.017427e+00                1.539056e+00
                6.492141e+00               -4.522232e+00               -2.022047e+00
               -2.581537e+00               -2.077050e+00               -4.223090e+00
                8.424267e+00                6.024684e+00                1.153798e+00
                6.311354e-01               -7.797380e+00                1.030899e-01
                1.506621e+01               -4.681218e+00               -2.170828e+00
                6.539590e-01               -7.739502e+00                7.409527e-01
                1.074645e+00               -9.236716e-01               -3.241466e+00
                4.809361e+00               -3.859955e+00               -1.468673e+00
                4.896801e+00               -3.738798e+00               -1.743333e+00
                1.719745e+00               -1.110592e+00               -2.929302e+00
               -1.572839e+00               -7.977733e+00                2.119773e+00
                4.843670e+00               -3.376711e+00               -2.050479e+00
                3.280319e+00                1.969680e+00               -2.288912e+00
                4.530905e+00               -2.303461e+00               -2.357373e+00
                1.413951e+00               -4.139788e-02                3.623540e+00
               -4.700148e+00               -6.289212e+00                3.334757e+00
                4.724733e+00               -3.151235e+00               -2.111363e+00
                4.416598e+00               -1.893757e+00               -2.350448e+00
                1.613230e+00                4.043851e+00               -2.793272e+00
                0.000000e+00                0.000000e+00                0.000000e+00
